treasurestatesch7172mont_0001	0	0	0
treasurestatesch7172mont_0002	0	0	0
treasurestatesch7172mont_0003	15	0.18932038835	412
treasurestatesch7172mont_0004	16	0.135658914729	516
treasurestatesch7172mont_0005	0	0.135467980296	406
treasurestatesch7172mont_0006	1	0.130120481928	415
treasurestatesch7172mont_0007	3	0.178181818182	275
treasurestatesch7172mont_0008	0	0	0
treasurestatesch7172mont_0009	2	0.428571428571	14
treasurestatesch7172mont_0010	3	0.357142857143	28
treasurestatesch7172mont_0011	4	0.124100719424	556
treasurestatesch7172mont_0012	4	0.08	425
treasurestatesch7172mont_0013	12	0.145251396648	358
treasurestatesch7172mont_0014	39	0.245421245421	273
treasurestatesch7172mont_0015	0	0	0
treasurestatesch7172mont_0016	3	0.136363636364	22
treasurestatesch7172mont_0017	6	0.168514412417	451
treasurestatesch7172mont_0018	7	0.102310231023	303
treasurestatesch7172mont_0019	6	0.100961538462	416
treasurestatesch7172mont_0020	1	0.397129186603	209
treasurestatesch7172mont_0021	7	0.14	300
treasurestatesch7172mont_0022	19	0.201238390093	323
treasurestatesch7172mont_0023	36	0.26582278481	316
treasurestatesch7172mont_0024	13	0.194300518135	386
treasurestatesch7172mont_0025	1	0.178743961353	207
treasurestatesch7172mont_0026	37	0.225080385852	311
treasurestatesch7172mont_0027	61	0.393939393939	198
treasurestatesch7172mont_0028	38	0.306930693069	303
treasurestatesch7172mont_0029	36	0.185534591195	318
treasurestatesch7172mont_0030	0	0	0
treasurestatesch7172mont_0031	0	0	0
treasurestatesch7172mont_0032	2	0.136363636364	22
treasurestatesch7172mont_0033	11	0.135278514589	377
treasurestatesch7172mont_0034	70	0.533613445378	238
treasurestatesch7172mont_0035	30	0.191044776119	670
treasurestatesch7172mont_0036	5	0.244541484716	458
treasurestatesch7172mont_0037	20	0.193121693122	378
treasurestatesch7172mont_0038	19	0.25641025641	351
treasurestatesch7172mont_0039	31	0.169154228856	402
treasurestatesch7172mont_0040	37	0.3663003663	273
treasurestatesch7172mont_0041	8	0.206225680934	257
treasurestatesch7172mont_0042	2	0.152777777778	72
treasurestatesch7172mont_0043	54	0.313315926893	383
treasurestatesch7172mont_0044	70	0.373563218391	348
treasurestatesch7172mont_0045	60	0.305322128852	357
treasurestatesch7172mont_0046	59	0.313580246914	405
treasurestatesch7172mont_0047	0	0	0
treasurestatesch7172mont_0048	2	0.451612903226	31
treasurestatesch7172mont_0049	2	0.254545454545	55
treasurestatesch7172mont_0050	6	0.11655011655	429
treasurestatesch7172mont_0051	13	0.126637554585	458
treasurestatesch7172mont_0052	14	0.145454545455	330
treasurestatesch7172mont_0053	34	0.271111111111	450
treasurestatesch7172mont_0054	9	0.211488250653	383
treasurestatesch7172mont_0055	11	0.252777777778	360
treasurestatesch7172mont_0056	22	0.22619047619	336
treasurestatesch7172mont_0057	21	0.151111111111	450
treasurestatesch7172mont_0058	15	0.214545454545	275
treasurestatesch7172mont_0059	64	0.441696113074	283
treasurestatesch7172mont_0060	0	0	0
treasurestatesch7172mont_0061	1	0.151315789474	152
treasurestatesch7172mont_0062	20	0.229333333333	375
treasurestatesch7172mont_0063	25	0.178173719376	449
treasurestatesch7172mont_0064	8	0.172131147541	366
treasurestatesch7172mont_0065	1	0.174496644295	149
treasurestatesch7172mont_0066	1	0.227450980392	255
treasurestatesch7172mont_0067	32	0.236363636364	220
treasurestatesch7172mont_0068	6	0.144702842377	387
treasurestatesch7172mont_0069	1	0.105263157895	114
treasurestatesch7172mont_0070	6	0.143884892086	139
treasurestatesch7172mont_0071	18	0.145833333333	192
treasurestatesch7172mont_0072	3	0.21875	256
treasurestatesch7172mont_0073	4	0.138418079096	354
treasurestatesch7172mont_0074	5	0.117845117845	594
treasurestatesch7172mont_0075	15	0.148288973384	526
treasurestatesch7172mont_0076	14	0.170648464164	293
treasurestatesch7172mont_0077	4	0.157004830918	414
treasurestatesch7172mont_0078	8	0.199395770393	331
treasurestatesch7172mont_0079	18	0.165137614679	436
treasurestatesch7172mont_0080	14	0.228915662651	249
treasurestatesch7172mont_0081	6	0.140921409214	369
treasurestatesch7172mont_0082	1	0.150519031142	578
treasurestatesch7172mont_0083	7	0.167741935484	310
treasurestatesch7172mont_0084	10	0.117370892019	426
treasurestatesch7172mont_0085	33	0.318059299191	371
treasurestatesch7172mont_0086	40	0.331950207469	241
treasurestatesch7172mont_0087	2	0.131944444444	432
treasurestatesch7172mont_0088	1	0.144578313253	415
treasurestatesch7172mont_0089	3	0.177536231884	276
treasurestatesch7172mont_0090	0	0	0
treasurestatesch7172mont_0091	0	0	0
treasurestatesch7172mont_0092	5	0.642857142857	28
treasurestatesch7172mont_0093	9	0.197916666667	384
treasurestatesch7172mont_0094	14	0.230769230769	273
treasurestatesch7172mont_0095	15	0.190265486726	452
treasurestatesch7172mont_0096	24	0.267796610169	295
treasurestatesch7172mont_0097	21	0.227272727273	286
treasurestatesch7172mont_0098	21	0.298969072165	388
treasurestatesch7172mont_0099	6	0.666666666667	42
treasurestatesch7172mont_0100	3	0.123456790123	405
treasurestatesch7172mont_0101	29	0.28125	320
treasurestatesch7172mont_0102	0	0	0
treasurestatesch7172mont_0103	0	0	0
treasurestatesch7172mont_0104	6	0.52	25
treasurestatesch7172mont_0105	2	0.175238095238	525
treasurestatesch7172mont_0106	2	0.150101419878	493
treasurestatesch7172mont_0107	3	0.170588235294	340
treasurestatesch7172mont_0108	1	0.196506550218	229
treasurestatesch7172mont_0109	13	0.387640449438	178
treasurestatesch7172mont_0110	32	0.305454545455	275
treasurestatesch7172mont_0111	0	0	0
treasurestatesch7172mont_0112	3	0.0909090909091	22
treasurestatesch7172mont_0113	8	0.274576271186	295
treasurestatesch7172mont_0114	22	0.2421875	512
treasurestatesch7172mont_0115	34	0.339673913043	368
treasurestatesch7172mont_0116	10	0.172307692308	325
treasurestatesch7172mont_0117	13	0.175946547884	449
treasurestatesch7172mont_0118	0	0.0947368421053	285
treasurestatesch7172mont_0119	53	0.305637982196	337
treasurestatesch7172mont_0120	0	0	0
treasurestatesch7172mont_0121	3	0.216129032258	310
treasurestatesch7172mont_0122	1	0.128358208955	335
treasurestatesch7172mont_0123	1	0.143236074271	377
treasurestatesch7172mont_0124	4	0.342592592593	108
treasurestatesch7172mont_0125	0	0	0
treasurestatesch7172mont_0126	3	0.423076923077	26
treasurestatesch7172mont_0127	6	0.25	20
treasurestatesch7172mont_0128	0	0	0
