houseservantsdir00robe_0001	1.0	42.1973298865625	-0.9962654243748436	0.0	0.0	0.07407407407407407	0	0.005154639175257732	0.0
houseservantsdir00robe_0002	0.5	3.7997033207291664	-0.9850616974993743	0.0	0.0	0.08333333333333333	0	0.010309278350515464	0.0
houseservantsdir00robe_0003	0	-1.0	-1.0	0	0	0	0	0.015463917525773196	0
houseservantsdir00robe_0004	0	-1.0	-1.0	0	0	0	0	0.020618556701030927	0
houseservantsdir00robe_0005	0	-1.0	-1.0	0	0	0	0	0.02577319587628866	0
houseservantsdir00robe_0006	0	-1.0	-1.0	0	0	0	0	0.030927835051546393	0
houseservantsdir00robe_0007	0.0	-1.0	-0.9962654243748436	0.0	0.0	1.0	0	0.03608247422680412	0.0
houseservantsdir00robe_0008	0	-1.0	-1.0	0	0	0	0	0.041237113402061855	0
houseservantsdir00robe_0009	0.04242424242424243	0.2799208855277777	-0.3837950218491924	0.006060606060606061	0.0	0.8466981132075472	1	0.04639175257731959	0.0
houseservantsdir00robe_0010	0.006024096385542169	0.28666745646052955	0.23987910755192804	0.0030120481927710845	0.0	0.08307692307692308	1	0.05154639175257732	0.0
houseservantsdir00robe_0011	0.0	-0.16595319344706286	0.13904556567270496	0.006557377049180328	0.0	0.03225806451612903	1	0.05670103092783505	0.0
houseservantsdir00robe_0012	0.005813953488372093	-0.06517406253240066	0.2846940150538049	0.0029069767441860465	0.0	0.011522134627046696	1	0.061855670103092786	0.0
houseservantsdir00robe_0013	0.0048543689320388345	-0.3476131408717638	-0.2306774212177796	0.043689320388349516	0.0	0.0436397400185701	1	0.06701030927835051	0.0
houseservantsdir00robe_0014	0.11764705882352941	0.562928602338279	0.777657997574451	0.01050420168067227	0.0	0.03480278422273782	1	0.07216494845360824	0.0
houseservantsdir00robe_0015	0.12366737739872068	0.73976452990183	0.7515159681983562	0.0	0.0	0.029575892857142856	1	0.07731958762886598	0.0
houseservantsdir00robe_0016	0.136986301369863	0.1703386179312214	0.36312010318208954	0.0	0.0027397260273972603	0.030666666666666665	1	0.08247422680412371	0.0
houseservantsdir00robe_0017	0.0036900369003690036	-0.43324536434194344	0.012069994417387037	0.0	0.0036900369003690036	0.013266998341625208	1	0.08762886597938144	0.0
houseservantsdir00robe_0018	0.0	-0.19752594322193753	0.18386047317458187	0.0	0.0	0.007818052594171997	1	0.09278350515463918	0.0
houseservantsdir00robe_0019	0.012345679012345678	-0.11116605171682108	0.21000250255067676	0.0030864197530864196	0.0	0.01834862385321101	1	0.0979381443298969	0.0
houseservantsdir00robe_0020	0.00684931506849315	-0.22744501344427798	0.09049608254567164	0.0	0.0	0.008005822416302766	1	0.10309278350515463	0.0
houseservantsdir00robe_0021	0.0030303030303030303	-0.21459400206250004	0.2324099563016152	0.0	0.0	0.012738853503184714	1	0.10824742268041238	0.0
houseservantsdir00robe_0022	0.0033444816053511705	-0.2294790655685619	0.11663811192176651	0.0	0.0	0.013778100072516316	1	0.1134020618556701	0.0
houseservantsdir00robe_0023	0.0	-0.4313147724254542	-0.21200454309199754	0.004739336492890996	0.0	0.06836616454229433	1	0.11855670103092783	0.0
houseservantsdir00robe_0024	0.0030120481927710845	-0.3349808652001757	0.23987910755192804	0.006024096385542169	0.0	0.0106458481192335	1	0.12371134020618557	0.0
houseservantsdir00robe_0025	0.0034602076124567475	-0.2692493214114764	0.07929235567020242	0.010380622837370242	0.0	0.02671118530884808	1	0.12886597938144329	0.0
houseservantsdir00robe_0026	0.0036101083032490976	-0.25491970111424483	0.03447744816832549	0.01444043321299639	0.0	0.020712510356255178	1	0.13402061855670103	0.0
houseservantsdir00robe_0027	0.002976190476190476	-0.41432191622054815	0.25481741005255365	0.005952380952380952	0.0	0.005200594353640416	1	0.13917525773195877	0.0
houseservantsdir00robe_0028	0.006557377049180328	-0.24463685444262293	0.13904556567270496	0.013114754098360656	0.003278688524590164	0.03284072249589491	1	0.14432989690721648	0.030303030303030304
houseservantsdir00robe_0029	0.010238907849829351	-0.1809379998755688	0.09423065817082805	0.010238907849829351	0.0	0.024879614767255216	1	0.14948453608247422	0.0
houseservantsdir00robe_0030	0.003105590062111801	-0.41866947357628104	0.20253335130036393	0.015527950310559006	0.006211180124223602	0.006612784717119765	1	0.15463917525773196	0.0
houseservantsdir00robe_0031	0.007168458781362007	-0.29466725394302573	0.04194659941863831	0.0035842293906810036	0.0	0.031841652323580036	1	0.15979381443298968	0.03225806451612903
houseservantsdir00robe_0032	0.007246376811594203	-0.3217810525056613	0.030742872543169084	0.021739130434782608	0.0	0.03454384410983171	1	0.16494845360824742	0.0
houseservantsdir00robe_0033	0.01048951048951049	-0.39584154004807687	0.06808862879473318	0.006993006993006993	0.0	0.0049586776859504135	1	0.17010309278350516	0.0
houseservantsdir00robe_0034	0.0	-0.28337762919668696	0.075557780045046	0.006944444444444444	0.0	0.03335980937251787	1	0.17525773195876287	0.03125
houseservantsdir00robe_0035	0.0035971223021582736	-0.25759984607426556	0.0382120237934819	0.014388489208633094	0.007194244604316547	0.0353045013239188	1	0.18041237113402062	0.0
houseservantsdir00robe_0036	0.0033112582781456954	-0.28481241909664734	0.12784183879723574	0.019867549668874173	0.006622516556291391	0.03185247275775356	1	0.18556701030927836	0.0625
houseservantsdir00robe_0037	0.007434944237918215	-0.28628946903655517	0.004600843167074217	0.007434944237918215	0.0	0.03962101636520241	1	0.19072164948453607	0.0
houseservantsdir00robe_0038	0.0035087719298245615	-0.36003955723611114	0.06435405316957678	0.017543859649122806	0.0	0.03826086956521739	1	0.1958762886597938	0.0
houseservantsdir00robe_0039	0.01060070671378092	-0.16895596213523262	0.05688490191926395	0.01060070671378092	0.0	0.036303630363036306	1	0.20103092783505155	0.0
houseservantsdir00robe_0040	0.0030581039755351682	-0.39820233593304033	0.22120622942614598	0.04281345565749235	0.0	0.0067618332081141996	1	0.20618556701030927	0.0
houseservantsdir00robe_0041	0.006711409395973154	-0.2913189727782438	0.1129035362966101	0.040268456375838924	0.0	0.034733441033925685	1	0.211340206185567	0.0
houseservantsdir00robe_0042	0.0035460992907801418	-0.37025169196106683	0.05315032629410754	0.0	0.0	0.02365415986949429	1	0.21649484536082475	0.0
houseservantsdir00robe_0043	0.0034129692832764505	-0.3775128799054324	0.09423065817082805	0.006825938566552901	0.0034129692832764505	0.030226700251889168	1	0.22164948453608246	0.0
houseservantsdir00robe_0044	0.0	-0.23408989562832447	0.05315032629410754	0.0	0.0	0.031066330814441646	1	0.2268041237113402	0.0
houseservantsdir00robe_0045	0.006920415224913495	-0.3024652613473183	0.07929235567020242	0.01384083044982699	0.0	0.03419516263552961	1	0.23195876288659795	0.0
houseservantsdir00robe_0046	0.0035211267605633804	-0.4084872668115464	0.06061947754442036	0.0035211267605633804	0.0	0.00397456279809221	1	0.23711340206185566	0.0
houseservantsdir00robe_0047	0.003125	-0.37003893915429686	0.19506420005005112	0.003125	0.0	0.028391167192429023	1	0.2422680412371134	0.0
houseservantsdir00robe_0048	0.0033222591362126247	-0.37811152987230073	0.12410726317207933	0.0	0.0	0.024026512013256007	1	0.24742268041237114	0.0
houseservantsdir00robe_0049	0.003472222222222222	-0.2167150830754485	0.075557780045046	0.010416666666666666	0.0	0.037251655629139076	1	0.25257731958762886	0.0
houseservantsdir00robe_0050	0.0035842293906810036	-0.2602607785256123	0.04194659941863831	0.021505376344086023	0.010752688172043012	0.04020530367835757	1	0.25773195876288657	0.06451612903225806
houseservantsdir00robe_0051	0.005390835579514825	-0.3919513313361973	0.385527556933028	0.018867924528301886	0.005390835579514825	0.0057553956834532375	1	0.26288659793814434	0.02702702702702703
houseservantsdir00robe_0052	0.0035587188612099642	-0.23136423689390567	0.04941575066895113	0.0071174377224199285	0.0	0.03148301574150787	1	0.26804123711340205	0.0
houseservantsdir00robe_0053	0.006134969325153374	-0.33746426554351994	0.21747165380098957	0.0	0.0	0.008432888264230498	1	0.27319587628865977	0.0
houseservantsdir00robe_0054	0.00641025641025641	-0.24620044001368863	0.16518759504879985	0.00641025641025641	0.0	0.020108275328692964	1	0.27835051546391754	0.0
houseservantsdir00robe_0055	0.0030959752321981426	-0.40560949588493295	0.20626792692552035	0.009287925696594427	0.006191950464396285	0.0219435736677116	1	0.28350515463917525	0.029411764705882353
houseservantsdir00robe_0056	0.003125	-0.25004635613606774	0.19506420005005112	0.00625	0.0	0.02162565249813572	1	0.28865979381443296	0.02857142857142857
houseservantsdir00robe_0057	0.006153846153846154	-0.18774251495352565	0.21373707817583315	0.018461538461538463	0.003076923076923077	0.0057306590257879654	1	0.29381443298969073	0.02702702702702703
houseservantsdir00robe_0058	0.0032258064516129032	-0.33423470067305117	0.157718443798487	0.0064516129032258064	0.0	0.0076103500761035	1	0.29896907216494845	0.0
houseservantsdir00robe_0059	0.0030864197530864196	-0.3481884379256688	0.21000250255067676	0.006172839506172839	0.0030864197530864196	0.01436130007558579	1	0.30412371134020616	0.02857142857142857
houseservantsdir00robe_0060	0.002976190476190476	-0.48574607277901793	0.25481741005255365	0.002976190476190476	0.0	0.008	1	0.30927835051546393	0.0
houseservantsdir00robe_0061	0.007272727272727273	-0.02260586923333335	0.027008296918012674	0.007272727272727273	0.0036363636363636364	0.034158838599487616	1	0.31443298969072164	0.03125
houseservantsdir00robe_0062	0.002777777777777778	-0.45336712180584493	0.3444472250563075	0.0	0.0	0.005021520803443328	1	0.31958762886597936	0.0
houseservantsdir00robe_0063	0.005865102639296188	-0.18362817418682806	0.2734902881783357	0.002932551319648094	0.002932551319648094	0.005908419497784343	1	0.3247422680412371	0.0
houseservantsdir00robe_0064	0.002898550724637681	-0.16526898769927542	0.28842859067896137	0.002898550724637681	0.0	0.005718370264474625	1	0.32989690721649484	0.0
houseservantsdir00robe_0065	0.0058997050147492625	-0.27792073935932887	0.26602113692802287	0.0	0.0	0.005970149253731343	1	0.33505154639175255	0.02702702702702703
houseservantsdir00robe_0066	0.0030120481927710845	0.08427032847797437	0.23987910755192804	0.0	0.0	0.006392045454545455	1	0.3402061855670103	0.0
houseservantsdir00robe_0067	0.0029940119760479044	-0.16651858502307884	0.24734825880224084	0.0029940119760479044	0.0	0.01849112426035503	1	0.34536082474226804	0.02857142857142857
houseservantsdir00robe_0068	0.003355704697986577	-0.24299981183130598	0.1129035362966101	0.0	0.003355704697986577	0.0264	1	0.35051546391752575	0.03125
houseservantsdir00robe_0069	0.006230529595015576	-0.2673350071161086	0.1987987756752075	0.0	0.0	0.02635542168674699	1	0.3556701030927835	0.0
houseservantsdir00robe_0070	0.002976190476190476	-0.2429039404802208	0.25481741005255365	0.008928571428571428	0.011904761904761904	0.006939625260235947	1	0.36082474226804123	0.02702702702702703
houseservantsdir00robe_0071	0.00390625	-0.1750509917496745	-0.04394863995995911	0.0	0.0	0.024701873935264053	1	0.36597938144329895	0.0
houseservantsdir00robe_0072	0.0034965034965034965	-0.26158410450320513	0.06808862879473318	0.0	0.0034965034965034965	0.02764612954186414	1	0.3711340206185567	0.029411764705882353
houseservantsdir00robe_0073	0.002881844380403458	-0.28073610179274744	0.29589774192927415	0.005763688760806916	0.002881844380403458	0.008264462809917356	1	0.37628865979381443	0.02702702702702703
houseservantsdir00robe_0074	0.0037735849056603774	-0.2574043918871856	-0.010337459333551423	0.0	0.0	0.04974271012006861	1	0.38144329896907214	0.0
houseservantsdir00robe_0075	0.002890173410404624	-0.19542545490667151	0.29216316630411776	0.002890173410404624	0.0	0.008236101578586136	1	0.3865979381443299	0.0
houseservantsdir00robe_0076	0.0029498525073746312	-0.3487128237358653	0.26602113692802287	0.0029498525073746312	0.0	0.010966415352981495	1	0.3917525773195876	0.0
houseservantsdir00robe_0077	0.007751937984496124	-0.2930669527608204	-0.03647948870964629	0.0	0.0	0.044384057971014496	1	0.39690721649484534	0.0
houseservantsdir00robe_0078	0.0036496350364963502	-0.38689921085576334	0.023273721292856264	0.0	0.0	0.03298611111111111	1	0.4020618556701031	0.0
houseservantsdir00robe_0079	0.003215434083601286	-0.2283435175676581	0.16145301942364343	0.006430868167202572	0.0	0.006373937677053824	1	0.4072164948453608	0.0
houseservantsdir00robe_0080	0.0031645569620253164	-0.0886639264438291	0.18012589754942548	0.006329113924050633	0.0	0.011560693641618497	1	0.41237113402061853	0.027777777777777776
houseservantsdir00robe_0081	0.0165016501650165	-0.19212914403568482	0.13157641442239215	0.0033003300330033004	0.0	0.021607605877268798	1	0.4175257731958763	0.0
houseservantsdir00robe_0082	0.007380073800738007	-0.30926778779174363	0.012069994417387037	0.0	0.0036900369003690036	0.030477759472817133	1	0.422680412371134	0.0
houseservantsdir00robe_0083	0.003125	-0.22004821038151043	0.19506420005005112	0.0	0.0	0.007834757834757835	1	0.42783505154639173	0.0
houseservantsdir00robe_0084	0.0037313432835820895	-0.42690109603233833	0.0008662675419178071	0.007462686567164179	0.0	0.03796376186367558	1	0.4329896907216495	0.0
houseservantsdir00robe_0085	0.0030303030303030303	-0.24368311309722232	0.2324099563016152	0.0	0.0	0.00860832137733142	1	0.4381443298969072	0.0
houseservantsdir00robe_0086	0.0034482758620689655	-0.30487055354956893	0.08302693129535882	0.0	0.0	0.029787234042553193	1	0.44329896907216493	0.03225806451612903
houseservantsdir00robe_0087	0.0035714285714285713	-0.17719371644642862	0.04568117504379472	0.0035714285714285713	0.0	0.011035653650254669	1	0.4484536082474227	0.0
houseservantsdir00robe_0088	0.008928571428571428	-0.12148287433082228	-0.16345505996496423	0.03571428571428571	0.008928571428571428	0.07013815090329437	1	0.4536082474226804	0.08333333333333333
houseservantsdir00robe_0089	0.017793594306049824	-0.24844503162959675	0.04941575066895113	0.017793594306049824	0.0035587188612099642	0.04450261780104712	1	0.4587628865979381	0.09375
houseservantsdir00robe_0090	0.012396694214876033	-0.26616106253314403	-0.09623269871214885	0.024793388429752067	0.008264462809917356	0.08405797101449275	1	0.4639175257731959	0.06896551724137931
houseservantsdir00robe_0091	0.012244897959183673	-0.09883121325085037	-0.08502897183667962	0.02040816326530612	0.012244897959183673	0.07025986525505294	1	0.4690721649484536	0.034482758620689655
houseservantsdir00robe_0092	0.017699115044247787	-0.23544548873340712	-0.1559859087146514	0.02654867256637168	0.017699115044247787	0.11134903640256959	1	0.4742268041237113	0.037037037037037035
houseservantsdir00robe_0093	0.01606425702811245	-0.17113557111905955	-0.07009066933605398	0.0321285140562249	0.0	0.07379375591296121	1	0.4793814432989691	0.0
houseservantsdir00robe_0094	0.01694915254237288	-0.2881795922647423	-0.1186401524630873	0.01694915254237288	0.00847457627118644	0.121524201853759	1	0.4845360824742268	0.07142857142857142
houseservantsdir00robe_0095	0.01195219123505976	-0.19686239254731083	-0.06262151808574117	0.05179282868525897	0.00796812749003984	0.06513409961685823	1	0.4896907216494845	0.034482758620689655
houseservantsdir00robe_0096	0.010714285714285714	-0.24576090674255957	0.04568117504379472	0.025	0.0035714285714285713	0.06787330316742081	1	0.4948453608247423	0.0
houseservantsdir00robe_0097	0.00784313725490196	-0.2659277274178921	-0.04768321558511552	0.047058823529411764	0.0196078431372549	0.04224058769513315	1	0.5	0.1
houseservantsdir00robe_0098	0.01639344262295082	-0.25250522054217894	-0.08876354746183603	0.040983606557377046	0.004098360655737705	0.09422492401215805	1	0.5051546391752577	0.037037037037037035
houseservantsdir00robe_0099	0.016597510373443983	-0.16353718061981337	-0.09996727433730526	0.03319502074688797	0.008298755186721992	0.07468477206595538	1	0.5103092783505154	0.03571428571428571
houseservantsdir00robe_0100	0.022321428571428572	-0.1643373682659041	-0.16345505996496423	0.03571428571428571	0.004464285714285714	0.09763617677286741	1	0.5154639175257731	0.11538461538461539
houseservantsdir00robe_0101	0.02654867256637168	-0.21420786342044618	-0.1559859087146514	0.02654867256637168	0.0	0.16276595744680852	1	0.520618556701031	0.06666666666666667
houseservantsdir00robe_0102	0.014234875444839857	-0.09471787900837784	0.04941575066895113	0.021352313167259787	0.017793594306049824	0.11559139784946236	1	0.5257731958762887	0.06451612903225806
houseservantsdir00robe_0103	0.014084507042253521	-0.053579626898474286	0.06061947754442036	0.045774647887323945	0.007042253521126761	0.08795074758135445	1	0.5309278350515464	0.15625
houseservantsdir00robe_0104	0.014545454545454545	-0.07496626909583341	0.027008296918012674	0.04363636363636364	0.007272727272727273	0.04355400696864112	1	0.5360824742268041	0.0
houseservantsdir00robe_0105	0.020491803278688523	-0.1738215595466189	-0.08876354746183603	0.012295081967213115	0.02459016393442623	0.14271151885830785	1	0.5412371134020618	0.034482758620689655
houseservantsdir00robe_0106	0.013986013986013986	-0.328712822275641	0.06808862879473318	0.017482517482517484	0.02097902097902098	0.07279029462738301	1	0.5463917525773195	0.09375
houseservantsdir00robe_0107	0.011406844106463879	-0.1970078094597593	-0.017806610583864242	0.034220532319391636	0.034220532319391636	0.07879924953095685	1	0.5515463917525774	0.16666666666666666
houseservantsdir00robe_0108	0.010752688172043012	-0.2430575408169057	0.04194659941863831	0.025089605734767026	0.02867383512544803	0.05752212389380531	1	0.5567010309278351	0.12903225806451613
houseservantsdir00robe_0109	0.01652892561983471	-0.24632757773674244	-0.09623269871214885	0.004132231404958678	0.008264462809917356	0.12162162162162163	1	0.5618556701030928	0.0967741935483871
houseservantsdir00robe_0110	0.02145922746781116	-0.21721576743472826	-0.12984387933855654	0.004291845493562232	0.004291845493562232	0.1515463917525773	1	0.5670103092783505	0.07142857142857142
houseservantsdir00robe_0111	0.015873015873015872	-0.1048172378005126	-0.05888694246058475	0.031746031746031744	0.027777777777777776	0.10982658959537572	1	0.5721649484536082	0.16666666666666666
houseservantsdir00robe_0112	0.010676156583629894	-0.23136423689390567	0.04941575066895113	0.02491103202846975	0.028469750889679714	0.056338028169014086	1	0.5773195876288659	0.12903225806451613
houseservantsdir00robe_0113	0.017857142857142856	-0.19433551402046143	0.04568117504379472	0.014285714285714285	0.014285714285714285	0.07759372275501308	1	0.5824742268041238	0.09090909090909091
houseservantsdir00robe_0114	0.014814814814814815	-0.32448619930478395	0.008335418792230627	0.037037037037037035	0.007407407407407408	0.09180035650623886	1	0.5876288659793815	0.03225806451612903
houseservantsdir00robe_0115	0.006779661016949152	-0.2678418663294491	0.10169980942114087	0.023728813559322035	0.010169491525423728	0.06797706797706797	1	0.5927835051546392	0.058823529411764705
houseservantsdir00robe_0116	0.014814814814814815	-0.11116605171682108	0.008335418792230627	0.022222222222222223	0.011111111111111112	0.09929701230228472	1	0.5979381443298969	0.0967741935483871
houseservantsdir00robe_0117	0.014285714285714285	-0.09148472857626495	0.04568117504379472	0.0035714285714285713	0.0	0.06390328151986183	1	0.6030927835051546	0.0
houseservantsdir00robe_0118	0.016666666666666666	-0.24004697421788201	-0.10370184996246166	0.008333333333333333	0.0125	0.13021363173957273	1	0.6082474226804123	0.03333333333333333
houseservantsdir00robe_0119	0.011538461538461539	-0.1508217201786859	-0.02901033745933347	0.023076923076923078	0.03461538461538462	0.07906976744186046	1	0.6134020618556701	0.16666666666666666
houseservantsdir00robe_0120	0.015503875968992248	-0.2744634515176842	-0.03647948870964629	0.023255813953488372	0.01937984496124031	0.10194624652455977	1	0.6185567010309279	0.16666666666666666
houseservantsdir00robe_0121	0.014084507042253521	-0.12118108212001175	0.06061947754442036	0.03169014084507042	0.0	0.10631229235880399	1	0.6237113402061856	0.0
houseservantsdir00robe_0122	0.01606425702811245	-0.28679107282337696	-0.07009066933605398	0.028112449799196786	0.004016064257028112	0.10298363811357074	1	0.6288659793814433	0.06451612903225806
houseservantsdir00robe_0123	0.02643171806167401	-0.027372895358847366	-0.15225133308949498	0.013215859030837005	0.022026431718061675	0.113107822410148	1	0.634020618556701	0.06896551724137931
houseservantsdir00robe_0124	0.01486988847583643	-0.05433354647343563	0.004600843167074217	0.03345724907063197	0.026022304832713755	0.08241758241758242	1	0.6391752577319587	0.06451612903225806
houseservantsdir00robe_0125	0.014336917562724014	-0.2602607785256123	0.04194659941863831	0.02867383512544803	0.0035842293906810036	0.0773966578715919	1	0.6443298969072165	0.09090909090909091
houseservantsdir00robe_0126	0.012875536480686695	-0.13481742716469958	-0.12984387933855654	0.017167381974248927	0.0	0.04842105263157895	1	0.6494845360824743	0.0
houseservantsdir00robe_0127	0.007380073800738007	-0.23842345833448655	0.012069994417387037	0.007380073800738007	0.0	0.05132743362831858	1	0.654639175257732	0.0
houseservantsdir00robe_0128	0.0035335689045936395	-0.30463662137846	0.05688490191926395	0.0	0.0	0.025295109612141653	1	0.6597938144329897	0.058823529411764705
houseservantsdir00robe_0129	0.006329113924050633	-0.13423073012163775	0.18012589754942548	0.0031645569620253164	0.0	0.005649717514124294	1	0.6649484536082474	0.0
houseservantsdir00robe_0130	0.003401360544217687	-0.004143188556193319	0.09796523379598446	0.01020408163265306	0.0	0.01589825119236884	1	0.6701030927835051	0.0
houseservantsdir00robe_0131	0.0036363636363636364	-0.31931480178750005	0.027008296918012674	0.01818181818181818	0.0036363636363636364	0.0391156462585034	1	0.6752577319587629	0.029411764705882353
houseservantsdir00robe_0132	0.0037313432835820895	-0.1940796662954757	0.0008662675419178071	0.007462686567164179	0.0	0.04052863436123348	1	0.6804123711340206	0.0
houseservantsdir00robe_0133	0.003289473684210526	-0.17899811619106362	0.13531099004754857	0.006578947368421052	0.0	0.04189723320158103	1	0.6855670103092784	0.0
houseservantsdir00robe_0134	0.0038022813688212928	-0.3247565670457066	-0.017806610583864242	0.011406844106463879	0.0	0.028598665395614873	1	0.6907216494845361	0.0
houseservantsdir00robe_0135	0.006493506493506494	-0.1584935736383929	0.1502492925481742	0.003246753246753247	0.0	0.0031645569620253164	1	0.6958762886597938	0.0
houseservantsdir00robe_0136	0.004830917874396135	-0.04933412487973036	-0.22694284559262318	0.004830917874396135	0.0	0.03763440860215054	1	0.7010309278350515	0.0
houseservantsdir00robe_0137	0.003205128205128205	0.01532185630809289	0.16518759504879985	0.0	0.003205128205128205	0.016773162939297124	1	0.7061855670103093	0.027777777777777776
houseservantsdir00robe_0138	0.0035211267605633804	-0.002878535482321054	0.06061947754442036	0.0	0.007042253521126761	0.011063829787234043	1	0.711340206185567	0.0
houseservantsdir00robe_0139	0.00684931506849315	-0.09594629232841041	0.09049608254567164	0.0	0.003424657534246575	0.02789886660854403	1	0.7164948453608248	0.0
houseservantsdir00robe_0140	0.0	0.07031711681765383	0.0718232044198896	0.006968641114982578	0.0	0.02857142857142857	1	0.7216494845360825	0.0
houseservantsdir00robe_0141	0.0035842293906810036	0.0321942625224014	0.04194659941863831	0.007168458781362007	0.0	0.058712121212121215	1	0.7268041237113402	0.0
houseservantsdir00robe_0142	0.003676470588235294	0.4822613196369485	0.015804570042543445	0.003676470588235294	0.0	0.09242144177449169	1	0.7319587628865979	0.0
houseservantsdir00robe_0143	0.0045045045045045045	0.2323562580250562	-0.17092421121527704	0.009009009009009009	0.0045045045045045045	0.14621131270010673	1	0.7371134020618557	0.0
houseservantsdir00robe_0144	0.011673151750972763	-0.010177914402156391	-0.0402140643348027	0.0	0.0	0.06593406593406594	1	0.7422680412371134	0.03333333333333333
houseservantsdir00robe_0145	0.0030211480362537764	-0.36197297247104737	0.23614453192677162	0.0	0.0030211480362537764	0.011938202247191011	1	0.7474226804123711	0.05405405405405406
houseservantsdir00robe_0146	0.0034129692832764505	-0.11541303986561441	0.09423065817082805	0.0034129692832764505	0.0	0.014749262536873156	1	0.7525773195876289	0.0
houseservantsdir00robe_0147	0.006600660066006601	-0.08124490890332782	0.13157641442239215	0.006600660066006601	0.0	0.01585014409221902	1	0.7577319587628866	0.0
houseservantsdir00robe_0148	0.007067137809187279	0.2889662628106596	0.05688490191926395	0.0035335689045936395	0.0	0.023368251410153102	1	0.7628865979381443	0.0
houseservantsdir00robe_0149	0.0035211267605633804	-0.08738035450924302	0.06061947754442036	0.0035211267605633804	0.0	0.017996870109546165	1	0.7680412371134021	0.0
houseservantsdir00robe_0150	0.003401360544217687	-0.03679423155435095	0.09796523379598446	0.006802721088435374	0.0	0.013669064748201438	1	0.7731958762886598	0.0
houseservantsdir00robe_0151	0.006153846153846154	-0.1286692433137821	0.21373707817583315	0.015384615384615385	0.003076923076923077	0.01595358955765047	1	0.7783505154639175	0.0
houseservantsdir00robe_0152	0.0030581039755351682	-0.17803245883537216	0.22120622942614598	0.039755351681957186	0.0061162079510703364	0.015129682997118156	1	0.7835051546391752	0.08333333333333333
houseservantsdir00robe_0153	0.002932551319648094	-0.08510054003696242	0.2734902881783357	0.002932551319648094	0.002932551319648094	0.011180992313067784	1	0.788659793814433	0.02702702702702703
houseservantsdir00robe_0154	0.0034482758620689655	-0.023508634748204117	0.08302693129535882	0.010344827586206896	0.0	0.016129032258064516	1	0.7938144329896907	0.0
houseservantsdir00robe_0155	0.003134796238244514	-0.1724649447018678	0.1913296244248947	0.003134796238244514	0.0	0.015107913669064749	1	0.7989690721649485	0.0
houseservantsdir00robe_0156	0.009933774834437087	0.0012626132646937113	0.12784183879723574	0.0033112582781456954	0.0	0.022953328232593728	1	0.8041237113402062	0.0
houseservantsdir00robe_0157	0.003246753246753247	-0.17407702597842264	0.1502492925481742	0.003246753246753247	0.003246753246753247	0.015671641791044775	1	0.8092783505154639	0.0
houseservantsdir00robe_0158	0.006535947712418301	0.019544823030705264	0.14278014129786137	0.013071895424836602	0.0	0.011954992967651195	1	0.8144329896907216	0.0
houseservantsdir00robe_0159	0.005917159763313609	-0.13378135335952912	0.2622865613028665	0.0029585798816568047	0.0	0.017879948914431672	1	0.8195876288659794	0.0
houseservantsdir00robe_0160	0.003663003663003663	-0.033026803516101974	0.019539145667699855	0.0	0.0	0.023183925811437404	1	0.8247422680412371	0.0
houseservantsdir00robe_0161	0.006711409395973154	-0.22689342484899339	0.1129035362966101	0.0	0.0	0.004411764705882353	1	0.8298969072164949	0.0
houseservantsdir00robe_0162	0.0036231884057971015	-0.20004944654513898	0.030742872543169084	0.0036231884057971015	0.0	0.008110300081103	1	0.8350515463917526	0.0
houseservantsdir00robe_0163	0.006968641114982578	-0.18053845743648372	0.0718232044198896	0.003484320557491289	0.0	0.009916094584286803	1	0.8402061855670103	0.0
houseservantsdir00robe_0164	0.0033222591362126247	-0.12297779853785994	0.12410726317207933	0.0	0.0	0.005087209302325582	1	0.845360824742268	0.0
houseservantsdir00robe_0165	0.007575757575757576	-0.29095291852864585	-0.014072034958707832	0.0	0.0	0.04314720812182741	1	0.8505154639175257	0.0
houseservantsdir00robe_0166	0.029605263157894735	-0.1316326228943942	0.13531099004754857	0.003289473684210526	0.0	0.035130718954248366	1	0.8556701030927835	0.02857142857142857
houseservantsdir00robe_0167	0.0273972602739726	-0.17813299302582772	0.09049608254567164	0.00684931506849315	0.00684931506849315	0.029093931837073983	1	0.8608247422680413	0.08571428571428572
houseservantsdir00robe_0168	0.016666666666666666	-0.13605340226875007	0.12037268754692292	0.016666666666666666	0.0	0.016679302501895376	1	0.865979381443299	0.0
houseservantsdir00robe_0169	0.020833333333333332	-0.05005871777235252	0.075557780045046	0.013888888888888888	0.0	0.03607843137254902	1	0.8711340206185567	0.0
houseservantsdir00robe_0170	0.021341463414634148	-0.2829711502569233	0.2249408050513024	0.009146341463414634	0.0	0.022727272727272728	1	0.8762886597938144	0.0
houseservantsdir00robe_0171	0.01639344262295082	-0.16595319344706286	0.13904556567270496	0.006557377049180328	0.0	0.03523238380809595	1	0.8814432989690721	0.0
houseservantsdir00robe_0172	0.010101010101010102	-0.17580852068287042	0.1091689606714537	0.010101010101010102	0.003367003367003367	0.020700636942675158	1	0.8865979381443299	0.0
houseservantsdir00robe_0173	0.006756756756756757	-0.22166973177364865	0.10543438504629728	0.0033783783783783786	0.0	0.04996214988644966	1	0.8917525773195877	0.0
houseservantsdir00robe_0174	0.015723270440251572	-0.07930219319346173	0.1875950487997383	0.009433962264150943	0.0	0.01699524133242692	1	0.8969072164948454	0.0
houseservantsdir00robe_0175	0.031791907514450865	-0.09832163049885606	0.29216316630411776	0.011560693641618497	0.002890173410404624	0.014314928425357873	1	0.9020618556701031	0.0
houseservantsdir00robe_0176	0.006472491909385114	-0.17674991586198768	0.1539838681733306	0.016181229773462782	0.0	0.02454873646209386	1	0.9072164948453608	0.0
houseservantsdir00robe_0177	0.0035842293906810036	-0.13983811456466552	0.04194659941863831	0.0035842293906810036	0.0	0.061224489795918366	1	0.9123711340206185	0.0
houseservantsdir00robe_0178	0.009523809523809525	-0.17719371644642862	0.17639132192426907	0.006349206349206349	0.0	0.024113475177304965	1	0.9175257731958762	0.0
houseservantsdir00robe_0179	0.007751937984496124	0.004589067129360469	-0.03647948870964629	0.007751937984496124	0.0	0.07053571428571428	1	0.9226804123711341	0.0
houseservantsdir00robe_0180	0.003236245954692557	-0.06801877267394828	0.1539838681733306	0.012944983818770227	0.0	0.011252813203300824	1	0.9278350515463918	0.0
houseservantsdir00robe_0181	0.003205128205128205	0.10762384324519232	0.16518759504879985	0.009615384615384616	0.0	0.008902077151335312	1	0.9329896907216495	0.0
houseservantsdir00robe_0182	0.0035587188612099642	-0.04347549480130493	0.04941575066895113	0.017793594306049824	0.0	0.005271084337349397	1	0.9381443298969072	0.0
houseservantsdir00robe_0183	0.006349206349206349	-0.20766802324470904	0.17639132192426907	0.006349206349206349	0.0031746031746031746	0.008365019011406844	1	0.9432989690721649	0.0
houseservantsdir00robe_0184	0.003105590062111801	-0.1205512548974508	0.20253335130036393	0.015527950310559006	0.0	0.006419400855920114	1	0.9484536082474226	0.0
houseservantsdir00robe_0185	0.0031847133757961785	-0.14400195553874745	0.17265674629911265	0.01592356687898089	0.0	0.007834757834757835	1	0.9536082474226805	0.0
houseservantsdir00robe_0186	0.003861003861003861	-0.25873307787966543	-0.03274491308448988	0.011583011583011582	0.003861003861003861	0.009267840593141797	1	0.9587628865979382	0.0
houseservantsdir00robe_0187	0	-1.0	-1.0	0	0	0	0	0.9639175257731959	0
houseservantsdir00robe_0188	0	-1.0	-1.0	0	0	0	0	0.9690721649484536	0
houseservantsdir00robe_0189	0	-1.0	-1.0	0	0	0	0	0.9742268041237113	0
houseservantsdir00robe_0190	0.0	-1.0	-0.9962654243748436	0.0	0.0	1.0	0	0.979381443298969	0.0
houseservantsdir00robe_0191	0	-1.0	-1.0	0	0	0	0	0.9845360824742269	0
houseservantsdir00robe_0192	0	-1.0	-1.0	0	0	0	0	0.9896907216494846	0
houseservantsdir00robe_0193	0	-1.0	-1.0	0	0	0	0	0.9948453608247423	0
houseservantsdir00robe_0194	0	-1.0	-1.0	0	0	0	0	1.0	0
