treasurestatesch7172mont_0001	0	0	-1.0
treasurestatesch7172mont_0002	0	0	-1.0
treasurestatesch7172mont_0003	0.03640776699029126	0.18932038834951456	0.5089847773835413
treasurestatesch7172mont_0004	0.031007751937984496	0.13565891472868216	0.8898935561405517
treasurestatesch7172mont_0005	0.0	0.1354679802955665	0.48700927091679064
treasurestatesch7172mont_0006	0.0024096385542168677	0.13012048192771083	0.5199725306169166
treasurestatesch7172mont_0007	0.01090909090909091	0.1781818181818182	0.007210713059402541
treasurestatesch7172mont_0008	0	0	-1.0
treasurestatesch7172mont_0009	0.14285714285714285	0.42857142857142855	-0.9487238182442486
treasurestatesch7172mont_0010	0.10714285714285714	0.35714285714285715	-0.8974476364884972
treasurestatesch7172mont_0011	0.007194244604316547	0.12410071942446044	1.0363969325855558
treasurestatesch7172mont_0012	0.009411764705882352	0.08	0.5565983747281675
treasurestatesch7172mont_0013	0.0335195530726257	0.1452513966480447	0.3112052191827859
treasurestatesch7172mont_0014	0.14285714285714285	0.2454212454212454	-0.00011445576284765938
treasurestatesch7172mont_0015	0	0	-1.0
treasurestatesch7172mont_0016	0.13636363636363635	0.13636363636363635	-0.9194231429552479
treasurestatesch7172mont_0017	0.013303769401330377	0.16851441241685144	0.6518255694174202
treasurestatesch7172mont_0018	0.0231023102310231	0.10231023102310231	0.10976307657090535
treasurestatesch7172mont_0019	0.014423076923076924	0.10096153846153846	0.5236351150280416
treasurestatesch7172mont_0020	0.004784688995215311	0.39712918660287083	-0.23451985807485407
treasurestatesch7172mont_0021	0.023333333333333334	0.14	0.09877532333753004
treasurestatesch7172mont_0022	0.058823529411764705	0.20123839009287925	0.18301476479340734
treasurestatesch7172mont_0023	0.11392405063291139	0.26582278481012656	0.15737667391553165
treasurestatesch7172mont_0024	0.03367875647668394	0.19430051813471502	0.41375758269428864
treasurestatesch7172mont_0025	0.004830917874396135	0.178743961352657	-0.24184502689710427
treasurestatesch7172mont_0026	0.1189710610932476	0.22508038585209003	0.13906375185990616
treasurestatesch7172mont_0027	0.30808080808080807	0.3939393939393939	-0.27480828659723017
treasurestatesch7172mont_0028	0.1254125412541254	0.3069306930693069	0.10976307657090535
treasurestatesch7172mont_0029	0.11320754716981132	0.18553459119496854	0.16470184273778185
treasurestatesch7172mont_0030	0	0	-1.0
treasurestatesch7172mont_0031	0	0	-1.0
treasurestatesch7172mont_0032	0.09090909090909091	0.13636363636363635	-0.9194231429552479
treasurestatesch7172mont_0033	0.029177718832891247	0.13527851458885942	0.38079432299416277
treasurestatesch7172mont_0034	0.29411764705882354	0.5336134453781513	-0.12830491015222617
treasurestatesch7172mont_0035	0.04477611940298507	0.191044776119403	1.453931555453817
treasurestatesch7172mont_0036	0.010917030567685589	0.2445414847161572	0.6774636602952959
treasurestatesch7172mont_0037	0.05291005291005291	0.1931216931216931	0.3844569074052879
treasurestatesch7172mont_0038	0.05413105413105413	0.2564102564102564	0.28556712830491016
treasurestatesch7172mont_0039	0.07711442786069651	0.1691542288557214	0.4723589332722903
treasurestatesch7172mont_0040	0.13553113553113552	0.3663003663003663	-0.00011445576284765938
treasurestatesch7172mont_0041	0.0311284046692607	0.20622568093385213	-0.05871580634084926
treasurestatesch7172mont_0042	0.027777777777777776	0.1527777777777778	-0.7362939223989928
treasurestatesch7172mont_0043	0.1409921671018277	0.3133159268929504	0.40276982946091333
treasurestatesch7172mont_0044	0.20114942528735633	0.3735632183908046	0.27457937507153485
treasurestatesch7172mont_0045	0.16806722689075632	0.30532212885154064	0.30754263477166077
treasurestatesch7172mont_0046	0.145679012345679	0.3135802469135803	0.48334668650566553
treasurestatesch7172mont_0047	0	0	-1.0
treasurestatesch7172mont_0048	0.06451612903225806	0.45161290322580644	-0.8864598832551219
treasurestatesch7172mont_0049	0.03636363636363636	0.2545454545454545	-0.7985578573881195
treasurestatesch7172mont_0050	0.013986013986013986	0.11655011655011654	0.5712487123726679
treasurestatesch7172mont_0051	0.028384279475982533	0.12663755458515283	0.6774636602952959
treasurestatesch7172mont_0052	0.04242424242424243	0.14545454545454545	0.20865285567128306
treasurestatesch7172mont_0053	0.07555555555555556	0.27111111111111114	0.6481629850062951
treasurestatesch7172mont_0054	0.02349869451697128	0.21148825065274152	0.40276982946091333
treasurestatesch7172mont_0055	0.030555555555555555	0.25277777777777777	0.3185303880050361
treasurestatesch7172mont_0056	0.06547619047619048	0.2261904761904762	0.23062836213803364
treasurestatesch7172mont_0057	0.04666666666666667	0.1511111111111111	0.6481629850062951
treasurestatesch7172mont_0058	0.05454545454545454	0.21454545454545454	0.007210713059402541
treasurestatesch7172mont_0059	0.22614840989399293	0.4416961130742049	0.03651138834840334
treasurestatesch7172mont_0060	0	0	-1.0
treasurestatesch7172mont_0061	0.006578947368421052	0.1513157894736842	-0.4432871695089848
treasurestatesch7172mont_0062	0.05333333333333334	0.22933333333333333	0.37346915417191257
treasurestatesch7172mont_0063	0.0556792873051225	0.17817371937639198	0.64450040059517
treasurestatesch7172mont_0064	0.02185792349726776	0.1721311475409836	0.34050589447178664
treasurestatesch7172mont_0065	0.006711409395973154	0.174496644295302	-0.4542749227423601
treasurestatesch7172mont_0066	0.00392156862745098	0.22745098039215686	-0.06604097516309947
treasurestatesch7172mont_0067	0.14545454545454545	0.23636363636363636	-0.19423142955247796
treasurestatesch7172mont_0068	0.015503875968992248	0.14470284237726097	0.41742016710541374
treasurestatesch7172mont_0069	0.008771929824561403	0.10526315789473684	-0.5824653771317386
treasurestatesch7172mont_0070	0.04316546762589928	0.14388489208633093	-0.49090076685361106
treasurestatesch7172mont_0071	0.09375	0.14583333333333334	-0.2967837930639808
treasurestatesch7172mont_0072	0.01171875	0.21875	-0.062378390751974364
treasurestatesch7172mont_0073	0.011299435028248588	0.1384180790960452	0.29655488153828546
treasurestatesch7172mont_0074	0.008417508417508417	0.11784511784511785	1.1755751402083094
treasurestatesch7172mont_0075	0.028517110266159697	0.1482889733840304	0.9265194002518027
treasurestatesch7172mont_0076	0.04778156996587031	0.17064846416382254	0.07313723245965434
treasurestatesch7172mont_0077	0.00966183574879227	0.1570048309178744	0.5163099462057915
treasurestatesch7172mont_0078	0.02416918429003021	0.19939577039274925	0.21231544008240816
treasurestatesch7172mont_0079	0.04128440366972477	0.1651376146788991	0.5968868032505437
treasurestatesch7172mont_0080	0.05622489959839357	0.2289156626506024	-0.08801648162985007
treasurestatesch7172mont_0081	0.016260162601626018	0.14092140921409213	0.35149364770516195
treasurestatesch7172mont_0082	0.0017301038062283738	0.15051903114186851	1.1169737896303078
treasurestatesch7172mont_0083	0.02258064516129032	0.16774193548387098	0.13540116744878106
treasurestatesch7172mont_0084	0.023474178403755867	0.11737089201877934	0.5602609591392926
treasurestatesch7172mont_0085	0.0889487870619946	0.31805929919137466	0.35881881652741215
treasurestatesch7172mont_0086	0.16597510373443983	0.33195020746887965	-0.11731715691885086
treasurestatesch7172mont_0087	0.004629629629629629	0.13194444444444445	0.5822364656060433
treasurestatesch7172mont_0088	0.0024096385542168677	0.14457831325301204	0.5199725306169166
treasurestatesch7172mont_0089	0.010869565217391304	0.17753623188405798	0.010873297470527642
treasurestatesch7172mont_0090	0	0	-1.0
treasurestatesch7172mont_0091	0	0	-1.0
treasurestatesch7172mont_0092	0.17857142857142858	0.6428571428571429	-0.8974476364884972
treasurestatesch7172mont_0093	0.0234375	0.19791666666666666	0.40643241387203843
treasurestatesch7172mont_0094	0.05128205128205128	0.23076923076923078	-0.00011445576284765938
treasurestatesch7172mont_0095	0.033185840707964605	0.1902654867256637	0.6554881538285453
treasurestatesch7172mont_0096	0.08135593220338982	0.2677966101694915	0.08046240128190454
treasurestatesch7172mont_0097	0.07342657342657342	0.22727272727272727	0.04749914158177864
treasurestatesch7172mont_0098	0.05412371134020619	0.29896907216494845	0.42108275151653884
treasurestatesch7172mont_0099	0.14285714285714285	0.6666666666666666	-0.8461714547327458
treasurestatesch7172mont_0100	0.007407407407407408	0.12345679012345678	0.48334668650566553
treasurestatesch7172mont_0101	0.090625	0.28125	0.17202701156003206
treasurestatesch7172mont_0102	0	0	-1.0
treasurestatesch7172mont_0103	0	0	-1.0
treasurestatesch7172mont_0104	0.24	0.52	-0.9084353897218725
treasurestatesch7172mont_0105	0.0038095238095238095	0.17523809523809525	0.9228568158406776
treasurestatesch7172mont_0106	0.004056795131845842	0.15010141987829614	0.8056541146846744
treasurestatesch7172mont_0107	0.008823529411764706	0.17058823529411765	0.24527869978253405
treasurestatesch7172mont_0108	0.004366812227074236	0.1965065502183406	-0.16126816985235207
treasurestatesch7172mont_0109	0.07303370786516854	0.38764044943820225	-0.34805997481973217
treasurestatesch7172mont_0110	0.11636363636363636	0.3054545454545455	0.007210713059402541
treasurestatesch7172mont_0111	0	0	-1.0
treasurestatesch7172mont_0112	0.13636363636363635	0.09090909090909091	-0.9194231429552479
treasurestatesch7172mont_0113	0.02711864406779661	0.2745762711864407	0.08046240128190454
treasurestatesch7172mont_0114	0.04296875	0.2421875	0.8752432184960512
treasurestatesch7172mont_0115	0.09239130434782608	0.33967391304347827	0.34783106329403685
treasurestatesch7172mont_0116	0.03076923076923077	0.1723076923076923	0.19033993361565754
treasurestatesch7172mont_0117	0.028953229398663696	0.1759465478841871	0.64450040059517
treasurestatesch7172mont_0118	0.0	0.09473684210526316	0.043836557170653545
treasurestatesch7172mont_0119	0.1572700296735905	0.3056379821958457	0.23429094654915875
treasurestatesch7172mont_0120	0	0	-1.0
treasurestatesch7172mont_0121	0.00967741935483871	0.2161290322580645	0.13540116744878106
treasurestatesch7172mont_0122	0.0029850746268656717	0.12835820895522387	0.22696577772690854
treasurestatesch7172mont_0123	0.002652519893899204	0.14323607427055704	0.38079432299416277
treasurestatesch7172mont_0124	0.037037037037037035	0.3425925925925926	-0.6044408835984891
treasurestatesch7172mont_0125	0	0	-1.0
treasurestatesch7172mont_0126	0.11538461538461539	0.4230769230769231	-0.9047728053107474
treasurestatesch7172mont_0127	0.3	0.25	-0.926748311777498
treasurestatesch7172mont_0128	0	0	-1.0
schoolfoodservic00mass_0001	0.16129032258064516	0.16129032258064516	-0.8270676691729324
schoolfoodservic00mass_0002	0	0	-1.0
schoolfoodservic00mass_0003	0.028409090909090908	0.5284090909090909	-0.018190637885035242
schoolfoodservic00mass_0004	0	0	-1.0
schoolfoodservic00mass_0005	0.058823529411764705	0.1568627450980392	-0.43099684695609997
schoolfoodservic00mass_0006	0.125	0.75	-0.955372301722047
schoolfoodservic00mass_0007	0.21904761904761905	0.32857142857142857	0.17147707979626475
schoolfoodservic00mass_0008	0.23786407766990292	0.3106796116504854	0.1491632306572883
schoolfoodservic00mass_0009	0.22065727699530516	0.3004694835680751	0.18821246665049712
schoolfoodservic00mass_0010	0.24311926605504589	0.3073394495412844	0.2161047780742177
schoolfoodservic00mass_0011	0.23853211009174313	0.3211009174311927	0.2161047780742177
schoolfoodservic00mass_0012	0.23076923076923078	0.3173076923076923	0.16032015522677653
schoolfoodservic00mass_0013	0.23076923076923078	0.27884615384615385	0.16032015522677653
schoolfoodservic00mass_0014	0.22058823529411764	0.3088235294117647	0.13800630608780007
schoolfoodservic00mass_0015	0.23963133640552994	0.3225806451612903	0.2105263157894736
schoolfoodservic00mass_0016	0.20673076923076922	0.3557692307692308	0.16032015522677653
schoolfoodservic00mass_0017	0.22522522522522523	0.28378378378378377	0.23841862721319418
schoolfoodservic00mass_0018	0.2409090909090909	0.3090909090909091	0.22726170264370596
schoolfoodservic00mass_0019	0.24509803921568626	0.3137254901960784	0.13800630608780007
schoolfoodservic00mass_0020	0.2079207920792079	0.32673267326732675	0.12684938151831182
schoolfoodservic00mass_0021	0.22748815165876776	0.2985781990521327	0.17705554208100888
schoolfoodservic00mass_0022	0.18532818532818532	0.44787644787644787	0.4448217317487265
schoolfoodservic00mass_0023	0.22274881516587677	0.2985781990521327	0.17705554208100888
schoolfoodservic00mass_0024	0.23979591836734693	0.32653061224489793	0.09337860780984712
schoolfoodservic00mass_0025	0.2318840579710145	0.2995169082125604	0.1547416929420324
schoolfoodservic00mass_0026	0.20853080568720378	0.3080568720379147	0.17705554208100888
schoolfoodservic00mass_0027	0.22429906542056074	0.34579439252336447	0.19379092893524125
schoolfoodservic00mass_0028	0.22272727272727272	0.36818181818181817	0.22726170264370596
schoolfoodservic00mass_0029	0.19913419913419914	0.2727272727272727	0.28862478777589123
schoolfoodservic00mass_0030	0.23113207547169812	0.2830188679245283	0.182634004365753
schoolfoodservic00mass_0031	0.2372093023255814	0.30697674418604654	0.19936939121998537
schoolfoodservic00mass_0032	0.19907407407407407	0.35185185185185186	0.20494785350472947
schoolfoodservic00mass_0033	0.22535211267605634	0.3286384976525822	0.18821246665049712
schoolfoodservic00mass_0034	0.2191780821917808	0.3698630136986301	0.22168324035896184
schoolfoodservic00mass_0035	0.2304147465437788	0.3271889400921659	0.2105263157894736
schoolfoodservic00mass_0036	0.242152466367713	0.3183856502242152	0.2439970894979383
schoolfoodservic00mass_0037	0.22748815165876776	0.3127962085308057	0.17705554208100888
schoolfoodservic00mass_0038	0.21226415094339623	0.30660377358490565	0.182634004365753
schoolfoodservic00mass_0039	0.22624434389140272	0.33031674208144796	0.23284016492845006
schoolfoodservic00mass_0040	0.2191780821917808	0.3105022831050228	0.22168324035896184
schoolfoodservic00mass_0041	0.23214285714285715	0.3169642857142857	0.24957555178268243
schoolfoodservic00mass_0042	0.22009569377990432	0.28708133971291866	0.16589861751152066
schoolfoodservic00mass_0043	0.235	0.32	0.11569245694882359
schoolfoodservic00mass_0044	0	0	-1.0
schoolfoodservic00mass_0045	0	0	-1.0
schoolfoodservic00mass_0046	0	0	-1.0
CAT31304297_0001	0.0	0.2857142857142857	-0.9412521150592217
CAT31304297_0002	0	0	-1.0
CAT31304297_0003	0.0	0.0	-0.9832148900169205
CAT31304297_0004	0.1	0.4	-0.9160744500846024
CAT31304297_0005	0.013089005235602094	0.1256544502617801	0.6029780033840947
CAT31304297_0006	0.23076923076923078	0.07692307692307693	-0.23627749576988158
CAT31304297_0007	0.0019120458891013384	0.13001912045889102	1.194653130287648
CAT31304297_0008	0.010869565217391304	0.10869565217391304	-0.6139424703891709
CAT31304297_0009	0.07196969696969698	0.26136363636363635	0.10781725888324871
CAT31304297_0010	0.09574468085106383	0.33687943262411346	0.18335025380710657
CAT31304297_0011	0.2233502538071066	0.4467005076142132	-0.17333333333333334
CAT31304297_0012	0.024193548387096774	0.23387096774193547	0.561015228426396
CAT31304297_0013	0.13513513513513514	0.3837837837837838	-0.22368866328257192
CAT31304297_0014	0.42391304347826086	0.7608695652173914	-0.6139424703891709
CAT31304297_0015	0.17708333333333334	0.2951388888888889	0.20852791878172586
CAT31304297_0016	0.06299212598425197	0.2952755905511811	0.06585448392554989
CAT31304297_0017	0.1896551724137931	0.4482758620689655	-0.5132318104906938
CAT31304297_0018	0.018867924528301886	0.2560646900269542	0.556818950930626
CAT31304297_0019	0.03640256959314775	0.21627408993576017	0.9596615905245346
CAT31304297_0020	0.12533333333333332	0.32	0.5736040609137055
CAT31304297_0021	0.1583011583011583	0.39768339768339767	0.0868358714043993
CAT31304297_0022	0.09923664122137404	0.38549618320610685	0.09942470389170895
CAT31304297_0023	0.056856187290969896	0.32441471571906355	0.25468697123519457
CAT31304297_0024	0.10764872521246459	0.3059490084985836	0.48128595600676816
CAT31304297_0025	0.15602836879432624	0.2907801418439716	0.7750253807106599
CAT31304297_0026	0.16826923076923078	0.4519230769230769	-0.12717428087986465
CAT31304297_0027	0.21532846715328466	0.4197080291970803	0.1497800338409475
CAT31304297_0028	0.16030534351145037	0.38549618320610685	0.09942470389170895
CAT31304297_0029	0.17669172932330826	0.38345864661654133	0.11620981387478847
CAT31304297_0030	0.2563176895306859	0.4404332129963899	0.16236886632825717
CAT31304297_0031	0	0	-1.0
CAT31304297_0032	0.15	0.35	-0.8321489001692047
CAT31304297_0033	0.47560975609756095	0.3130081300813008	0.03228426395939084
CAT31304297_0034	0.0	0.0	-0.9958037225042301
CAT31304297_0035	0.25	0.31	-0.5803722504230119
CAT31304297_0036	0.08947368421052632	0.2631578947368421	0.594585448392555
CAT31304297_0037	0.08069164265129683	0.29971181556195964	0.4561082910321489
CAT31304297_0038	0.17338709677419356	0.41935483870967744	0.0406768189509306
CAT31304297_0039	0.17768595041322313	0.47520661157024796	0.015499153976311313
CAT31304297_0040	0.02518891687657431	0.2040302267002519	0.6659221658206429
CAT31304297_0041	0.08635097493036212	0.31754874651810583	0.5064636209813874
CAT31304297_0042	0.33783783783783783	0.7054054054054054	0.5526226734348562
CAT31304297_0043	0.015228426395939087	0.5736040609137056	-0.17333333333333334
CAT31304297_0044	0.03278688524590164	0.1987704918032787	1.0477834179357022
CAT31304297_0045	0.10973084886128365	0.2401656314699793	1.0268020304568528
CAT31304297_0046	0.07079646017699115	0.2448377581120944	0.42253807106598984
CAT31304297_0047	0.056716417910447764	0.20597014925373133	0.4057529610829103
CAT31304297_0048	0.07017543859649122	0.23308270676691728	0.6743147208121827
CAT31304297_0049	0.13744075829383887	0.2559241706161137	-0.11458544839255501
CAT31304297_0050	0.16666666666666666	0.48484848484848486	-0.7230456852791878
CAT31304297_0051	0.1223021582733813	0.3237410071942446	-0.41671742808798645
CAT31304297_0052	0.08333333333333333	0.28431372549019607	-0.14395939086294418
CAT31304297_0053	0.21254355400696864	0.37630662020905925	0.204331641285956
CAT31304297_0054	0.18446601941747573	0.32038834951456313	-0.5677834179357022
CAT31304297_0055	0.08088235294117647	0.25735294117647056	-0.42930626057529614
CAT31304297_0056	0.23529411764705882	0.31932773109243695	-0.5006429780033841
CAT31304297_0057	0.014814814814814815	0.18888888888888888	0.13299492385786799
CAT31304297_0058	0.11764705882352941	0.2605042016806723	-0.5006429780033841
CAT31304297_0059	0.02702702702702703	0.16756756756756758	-0.22368866328257192
CAT31304297_0060	0.0070921985815602835	0.05673758865248227	-0.4083248730964467
CAT31304297_0061	0.5152671755725191	0.2786259541984733	0.09942470389170895
CAT31304297_0062	0.04522613065326633	0.10552763819095477	-0.16494077834179358
CAT31293900_0001	0.0	0.2857142857142857	-0.7615369380075262
CAT31293900_0002	0.0	0.0	-0.9829669241433947
CAT31293900_0003	0.07407407407407407	0.08641975308641975	0.3796791443850267
CAT31293900_0004	0	0	-1.0
CAT31293900_0005	0.2147239263803681	0.44171779141104295	1.7763913646266585
CAT31293900_0006	0	0	-1.0
CAT31293900_0007	0.28169014084507044	0.4788732394366197	1.418696771637948
CAT31293900_0008	0	0	-1.0
CAT31293900_0009	0	0	-1.0
CAT31293900_0010	0	0	-1.0
CAT31293900_0011	0.006042296072507553	0.12386706948640483	4.637948108536343
CAT31293900_0012	0	0	-1.0
CAT31293900_0013	0.1437125748502994	0.19161676646706588	1.8445236680530797
CAT31293900_0014	0	0	-1.0
CAT31293900_0015	0.3118279569892473	0.13978494623655913	0.5840760546642899
CAT31293900_0016	0	0	-1.0
CAT31293900_0017	0.3191489361702128	0.1595744680851064	0.6011091305208952
CAT31293900_0018	0	0	-1.0
CAT31293900_0019	0.02109704641350211	0.10970464135021098	3.0368389780154486
CAT31293900_0020	0	0	-1.0
CAT31293900_0021	0.05649717514124294	0.0847457627118644	2.014854426619132
CAT31293900_0022	0	0	-1.0
CAT31293900_0023	0.03592814371257485	0.18562874251497005	1.8445236680530797
CAT31293900_0024	0.0	0.0	-0.9829669241433947
CAT31293900_0025	0	0	-1.0
CAT31293900_0026	0.0	0.0	-0.9829669241433947
CAT31293900_0027	0.1079136690647482	0.2517985611510791	1.367597544068132
CAT31293900_0028	0	0	-1.0
CAT31293900_0029	0.140625	0.2578125	1.1802337096454742
CAT31293900_0030	0	0	-1.0
CAT31293900_0031	0.12605042016806722	0.2605042016806723	1.0269360269360268
CAT31293900_0032	0	0	-1.0
CAT31293900_0033	0.12857142857142856	0.24285714285714285	1.3846306199247373
CAT31293900_0034	0	0	-1.0
CAT31293900_0035	0.11504424778761062	0.25663716814159293	0.9247375717963953
CAT31293900_0036	0	0	-1.0
CAT31293900_0037	0.16030534351145037	0.21374045801526717	1.23133293721529
CAT31293900_0038	0	0	-1.0
CAT31293900_0039	0	0	-1.0
CAT31293900_0040	0	0	-1.0
CAT31293900_0041	0.1678832116788321	0.23357664233576642	1.3335313923549215
CAT31293900_0042	0	0	-1.0
CAT31293900_0043	0.08333333333333333	0.2222222222222222	1.4527629233511585
CAT31293900_0044	0.0	1.0	-0.9829669241433947
CAT31293900_0045	0.12096774193548387	0.21774193548387097	1.112101406219053
CAT31293900_0046	0	0	-1.0
CAT31293900_0047	0.13432835820895522	0.2537313432835821	2.423648247177659
CAT31293900_0048	0	0	-1.0
CAT31293900_0049	0.14393939393939395	0.29545454545454547	1.2483660130718952
CAT31293900_0050	0	0	-1.0
CAT31293900_0051	0.17164179104477612	0.27611940298507465	1.2824321647851058
CAT31293900_0052	0	0	-1.0
CAT31293900_0053	0.14864864864864866	0.2972972972972973	0.2604476133887898
CAT31293900_0054	0	0	-1.0
CAT31293900_0055	0.11382113821138211	0.21951219512195122	1.0950683303624478
CAT31293900_0056	0	0	-1.0
CAT31293900_0057	0.10416666666666667	0.21875	0.6351752822341057
CAT31293900_0058	0	0	-1.0
CAT31293900_0059	0.17777777777777778	0.25925925925925924	1.299465240641711
CAT31293900_0060	0	0	-1.0
CAT31293900_0061	0.1485148514851485	0.3465346534653465	0.720340661517132
CAT31293900_0062	0	0	-1.0
CAT31293900_0063	0.16083916083916083	0.21678321678321677	1.4357298474945532
CAT31293900_0064	0	0	-1.0
CAT31293900_0065	0.1103448275862069	0.2827586206896552	1.4697959992077636
CAT31293900_0066	0	0	-1.0
CAT31293900_0067	0.1118421052631579	0.25	1.5890275302040007
CAT31293900_0068	0	0	-1.0
CAT31293900_0069	0.15384615384615385	0.26153846153846155	1.2142998613586846
CAT31293900_0070	0	0	-1.0
CAT31293900_0071	0.14414414414414414	0.26126126126126126	0.8906714200831847
CAT31293900_0072	0	0	-1.0
CAT31293900_0073	0.1554054054054054	0.20270270270270271	1.5208952267775795
CAT31293900_0074	0	0	-1.0
CAT31293900_0075	0.12578616352201258	0.2578616352201258	1.7082590612002375
CAT31293900_0076	0	0	-1.0
CAT31293900_0077	0.12883435582822086	0.22699386503067484	1.7763913646266585
CAT31293900_0078	0	0	-1.0
CAT31293900_0079	0.16279069767441862	0.32558139534883723	1.1972667855020793
CAT31293900_0080	0	0	-1.0
CAT31293900_0081	0	0	-1.0
CAT31293900_0082	0	0	-1.0
CAT31293900_0083	0.1509433962264151	0.29245283018867924	0.8055060408001584
CAT31293900_0084	0	0	-1.0
CAT31293900_0085	0.17582417582417584	0.3626373626373626	0.5500099029510793
CAT31293900_0086	0	0	-1.0
CAT31293900_0087	0.16778523489932887	0.2214765100671141	1.5379283026341848
CAT31293900_0088	0	0	-1.0
CAT31293900_0089	0.13829787234042554	0.30851063829787234	0.6011091305208952
CAT31293900_0090	0	0	-1.0
CAT31293900_0091	0.13559322033898305	0.2457627118644068	1.0099029510794215
CAT31293900_0092	0	0	-1.0
CAT31293900_0093	0.125	0.25833333333333336	1.043969102792632
CAT31293900_0094	0	0	-1.0
CAT31293900_0095	0.09836065573770492	0.2540983606557377	1.0780352545058427
CAT31293900_0096	0	0	-1.0
CAT31293900_0097	0.13846153846153847	0.3230769230769231	1.2142998613586846
CAT31293900_0098	0	0	-1.0
CAT31293900_0099	0	0	-1.0
CAT31293900_0100	0	0	-1.0
CAT31293900_0101	0.14893617021276595	0.30851063829787234	0.6011091305208952
CAT31293900_0102	0	0	-1.0
CAT31293900_0103	0.1414141414141414	0.31313131313131315	0.6862745098039215
CAT31293900_0104	0	0	-1.0
CAT31293900_0105	0.15053763440860216	0.3333333333333333	0.5840760546642899
CAT31293900_0106	0	0	-1.0
CAT31293900_0107	0.16153846153846155	0.2692307692307692	1.2142998613586846
CAT31293900_0108	0	0	-1.0
CAT31293900_0109	0.1791044776119403	0.35074626865671643	1.2824321647851058
CAT31293900_0110	0	0	-1.0
CAT31293900_0111	0.14912280701754385	0.4298245614035088	0.9417706476530006
CAT31293900_0112	0	0	-1.0
CAT31293900_0113	0.11627906976744186	0.3023255813953488	0.464844523668053
CAT31293900_0114	0	0	-1.0
CAT31293900_0115	0.16153846153846155	0.2076923076923077	1.2142998613586846
CAT31293900_0116	0	0	-1.0
CAT31293900_0117	0	0	-1.0
CAT31293900_0118	0	0	-1.0
CAT31293900_0119	0.1743119266055046	0.3302752293577982	0.8566052683699742
CAT31293900_0120	0	0	-1.0
CAT31293900_0121	0.14035087719298245	0.2543859649122807	0.9417706476530006
CAT31293900_0122	0	0	-1.0
CAT31293900_0123	0.184	0.264	1.1291344820756584
CAT31293900_0124	0	0	-1.0
CAT31293900_0125	0.15254237288135594	0.2457627118644068	1.0099029510794215
CAT31293900_0126	0	0	-1.0
CAT31293900_0127	0.15037593984962405	0.2556390977443609	1.2653990889285005
CAT31293900_0128	0	0	-1.0
CAT31293900_0129	0.15714285714285714	0.2571428571428571	1.3846306199247373
CAT31293900_0130	0	0	-1.0
CAT31293900_0131	0.13541666666666666	0.23958333333333334	0.6351752822341057
CAT31293900_0132	0	0	-1.0
CAT31293900_0133	0	0	-1.0
CAT31293900_0134	0	0	-1.0
CAT31293900_0135	0.11450381679389313	0.2748091603053435	1.23133293721529
CAT31293900_0136	0	0	-1.0
CAT31293900_0137	0.16292134831460675	0.20224719101123595	2.0318875024757377
CAT31293900_0138	0	0	-1.0
CAT31293900_0139	0.16901408450704225	0.323943661971831	1.418696771637948
CAT31293900_0140	0	0	-1.0
CAT31293900_0141	0.13372093023255813	0.22674418604651161	1.929689047336106
CAT31293900_0142	0	0	-1.0
CAT31293900_0143	0.14685314685314685	0.16083916083916083	1.4357298474945532
CAT31293900_0144	0	0	-1.0
CAT31293900_0145	0.1267605633802817	0.24647887323943662	1.418696771637948
CAT31293900_0146	0	0	-1.0
CAT31293900_0147	0.12	0.29	0.7033075856605268
CAT31293900_0148	0	0	-1.0
CAT31293900_0149	0.11278195488721804	0.18045112781954886	1.2653990889285005
CAT31293900_0150	0	0	-1.0
CAT31293900_0151	0.15037593984962405	0.2631578947368421	1.2653990889285005
CAT31293900_0152	0	0	-1.0
CAT31293900_0153	0.1452991452991453	0.37606837606837606	0.9928698752228163
CAT31293900_0154	0	0	-1.0
CAT31293900_0155	0.13548387096774195	0.2129032258064516	1.6401267577738163
CAT31293900_0156	0	0	-1.0
CAT31293900_0157	0.15454545454545454	0.21818181818181817	0.8736383442265795
CAT31293900_0158	0	0	-1.0
CAT31293900_0159	0.16176470588235295	0.2647058823529412	1.3164983164983164
CAT31293900_0160	0	0	-1.0
CAT31293900_0161	0.10576923076923077	0.27884615384615385	0.7714398890869478
CAT31293900_0162	0	0	-1.0
CAT31293900_0163	0.125	0.25961538461538464	0.7714398890869478
CAT31293900_0164	0.3333333333333333	0.0	-0.9489007724301842
CAT31293900_0165	0	0	-1.0
CAT31293900_0166	0	0	-1.0
CAT31293900_0167	0.13333333333333333	0.20833333333333334	1.043969102792632
CAT31293900_0168	0	0	-1.0
CAT31293900_0169	0.14035087719298245	0.2807017543859649	0.9417706476530006
CAT31293900_0170	0	0	-1.0
CAT31293900_0171	0.21052631578947367	0.23157894736842105	0.6181422063775004
CAT31293900_0172	0	0	-1.0
schfoodservic7277mont_0001	0.25	0.25	-0.9715289889072833
schfoodservic7277mont_0002	1.0	1.0	-0.9964411236134104
schfoodservic7277mont_0003	0.11797752808988764	0.21910112359550563	0.2669599936258932
schfoodservic7277mont_0004	0.0979020979020979	0.17832167832167833	0.017838646564622033
schfoodservic7277mont_0005	0.029585798816568046	0.10650887573964497	-0.3985498906663597
schfoodservic7277mont_0006	0.14285714285714285	0.42857142857142855	-0.9501757305877457
schfoodservic7277mont_0007	0.12085308056872038	0.3459715639810427	0.5018458351408059
schfoodservic7277mont_0008	0.0891304347826087	0.2608695652173913	0.6370831378312103
schfoodservic7277mont_0009	0.022813688212927757	0.3155893536121673	-0.06401551032693847
schfoodservic7277mont_0010	0.0036231884057971015	0.14130434782608695	-0.017750117301273842
schfoodservic7277mont_0011	0.003278688524590164	0.1540983606557377	0.08545729790982419
schfoodservic7277mont_0012	0.014285714285714285	0.1357142857142857	-0.5017573058774577
schfoodservic7277mont_0013	0.01804123711340206	0.14948453608247422	0.38084403799676
schfoodservic7277mont_0014	0.005128205128205128	0.16923076923076924	0.38796179076993914
schfoodservic7277mont_0015	0.019559902200488997	0.1882640586797066	0.4555804421151413
schfoodservic7277mont_0016	0.014830508474576272	0.09745762711864407	0.6797896544702853
schfoodservic7277mont_0017	0.049723756906077346	0.2983425414364641	0.28831325194543067
schfoodservic7277mont_0018	0.06511627906976744	0.5209302325581395	-0.23484157688323867
schfoodservic7277mont_0019	0	0	-1.0
schfoodservic7277mont_0020	0.16666666666666666	0.5833333333333334	-0.9572934833609249
schfoodservic7277mont_0021	0.03636363636363636	0.12121212121212122	-0.41278539621271804
schfoodservic7277mont_0022	0	0	-1.0
schfoodservic7277mont_0023	0.11328976034858387	0.23965141612200436	0.6335242614446207
schfoodservic7277mont_0024	0.014251781472684086	0.12114014251781473	0.49828695875421636
schfoodservic7277mont_0025	0.23272727272727273	0.31272727272727274	-0.02130899368786343
schfoodservic7277mont_0026	0.21390374331550802	0.3181818181818182	0.3310197685845057
schfoodservic7277mont_0027	0.22355769230769232	0.3629807692307692	0.4804925768212684
schfoodservic7277mont_0028	0.2062937062937063	0.33916083916083917	0.017838646564622033
schfoodservic7277mont_0029	0.2558922558922559	0.3501683501683502	0.0569862868171075
schfoodservic7277mont_0030	0.06376811594202898	0.14782608695652175	0.2278123533734077
schfoodservic7277mont_0031	0.020958083832335328	0.16467065868263472	0.18866471312092223
schfoodservic7277mont_0032	0	0	-1.0
schfoodservic7277mont_0033	0.01996007984031936	0.19560878243512975	0.7829970696813834
schfoodservic7277mont_0034	0.19908466819221968	0.30892448512585813	0.5552289809396498
schfoodservic7277mont_0035	0.009615384615384616	0.21634615384615385	-0.2597537115893658
schfoodservic7277mont_0036	0.008875739644970414	0.21893491124260356	0.20290021866728059
schfoodservic7277mont_0037	0.028037383177570093	0.1838006230529595	0.1423993200952576
schfoodservic7277mont_0038	0.01079136690647482	0.12769784172661872	0.9787352709438106
schfoodservic7277mont_0039	0.0030864197530864196	0.13271604938271606	0.15307594925502635
schfoodservic7277mont_0040	0.058823529411764705	0.11764705882352941	-0.939499101427977
schfoodservic7277mont_0041	0.030837004405286344	0.3524229074889868	-0.19213506024416363
schfoodservic7277mont_0042	0.020588235294117647	0.17941176470588235	0.21001797144045975
schfoodservic7277mont_0043	0.0028089887640449437	0.12078651685393259	0.2669599936258932
schfoodservic7277mont_0044	0.002320185614849188	0.12296983758700696	0.5338757226201122
schfoodservic7277mont_0045	0.027649769585253458	0.25806451612903225	-0.2277238241100595
schfoodservic7277mont_0046	0.14052287581699346	0.2908496732026144	0.08901617429641379
schfoodservic7277mont_0047	0.017142857142857144	0.2057142857142857	0.24560673530635563
schfoodservic7277mont_0048	0.021108179419525065	0.16358839050131926	0.3488141505174537
schfoodservic7277mont_0049	0.03910614525139665	0.16201117318435754	-0.36296112680046383
schfoodservic7277mont_0050	0.032432432432432434	0.11351351351351352	-0.3416078684809263
schfoodservic7277mont_0051	0.00963855421686747	0.1614457831325301	0.4769337004346788
schfoodservic7277mont_0052	0.03291139240506329	0.25063291139240507	0.40575617270288705
schfoodservic7277mont_0053	0.013333333333333334	0.16666666666666666	-0.4661685420115619
schfoodservic7277mont_0054	0.05387205387205387	0.18181818181818182	0.0569862868171075
schfoodservic7277mont_0055	0.010101010101010102	0.21212121212121213	0.0569862868171075
schfoodservic7277mont_0056	0.014084507042253521	0.18309859154929578	-0.7473197765521393
schfoodservic7277mont_0057	0.054945054945054944	0.22344322344322345	-0.028426746461042606
schfoodservic7277mont_0058	0.017467248908296942	0.24890829694323144	-0.18501730747098447
schfoodservic7277mont_0059	0.06840390879478828	0.25732899022801303	0.09257505068300337
schfoodservic7277mont_0060	0.08132530120481928	0.3132530120481928	0.18154696034774306
schfoodservic7277mont_0061	0.05555555555555555	0.14930555555555555	0.024956399337801208
schfoodservic7277mont_0062	0.019543973941368076	0.15309446254071662	1.1851501013660068
schfoodservic7277mont_0063	0.075	0.1375	-0.430579778145666
schfoodservic7277mont_0064	0	0	-1.0
schfoodservic7277mont_0065	0.015486725663716814	0.15486725663716813	0.6086121267384935
schfoodservic7277mont_0066	0.17435897435897435	0.26666666666666666	0.38796179076993914
schfoodservic7277mont_0067	0	0	-1.0
schfoodservic7277mont_0068	0.21052631578947367	0.21052631578947367	-0.9323813486547978
schfoodservic7277mont_0069	0.06179775280898876	0.17696629213483145	0.2669599936258932
schfoodservic7277mont_0070	0.0931174089068826	0.3684210526315789	-0.12095753251237187
schfoodservic7277mont_0071	0.04953560371517028	0.17647058823529413	0.14951707286843677
schfoodservic7277mont_0072	0.023622047244094488	0.1732283464566929	-0.5480226989031224
schfoodservic7277mont_0073	0.13016528925619836	0.33884297520661155	0.7224961711093604
schfoodservic7277mont_0074	0.10091743119266056	0.26146788990825687	1.3275051568295901
schfoodservic7277mont_0075	0.020942408376963352	0.17277486910994763	-0.3202546101613888
schfoodservic7277mont_0076	0.09047619047619047	0.1523809523809524	-0.2526359588161866
schfoodservic7277mont_0077	0.02702702702702703	0.13513513513513514	-0.6049647210885558
schfoodservic7277mont_0078	0.012539184952978056	0.20376175548589343	0.1352815673220784
schfoodservic7277mont_0079	0.203125	0.265625	-0.7722319112582664
schfoodservic7277mont_0080	0.0	0.09523809523809523	-0.9252635958816187
schfoodservic7277mont_0081	0.004651162790697674	0.21395348837209302	-0.23484157688323867
schfoodservic7277mont_0082	0.0030120481927710845	0.1746987951807229	0.18154696034774306
schfoodservic7277mont_0083	0.022727272727272728	0.13920454545454544	0.2527244880795348
schfoodservic7277mont_0084	0.02158273381294964	0.16906474820143885	-0.010632364528094667
schfoodservic7277mont_0085	0.004830917874396135	0.15217391304347827	0.4733748240480892
schfoodservic7277mont_0086	0.0	0.05	-0.9288224722682082
schfoodservic7277mont_0087	0	0	-1.0
schfoodservic7277mont_0088	0.23809523809523808	1.2857142857142858	-0.9252635958816187
schfoodservic7277mont_0089	0.0645879732739421	0.19376391982182628	0.5979354975787248
schfoodservic7277mont_0090	0.011494252873563218	0.15134099616858238	0.8577334737997647
schfoodservic7277mont_0091	0.013937282229965157	0.15505226480836237	1.0427950459024233
schfoodservic7277mont_0092	0.023121387283236993	0.1252408477842004	0.847056844639996
schfoodservic7277mont_0093	0.17209302325581396	0.23953488372093024	0.5303168462335226
schfoodservic7277mont_0094	0.017897091722595078	0.24161073825503357	0.5908177448055456
schfoodservic7277mont_0095	0.04132231404958678	0.20110192837465565	0.29187212833202025
schfoodservic7277mont_0096	0.16901408450704225	0.30985915492957744	-0.7473197765521393
schfoodservic7277mont_0097	0.026415094339622643	0.20754716981132076	-0.0568977575537593
schfoodservic7277mont_0098	0.10175438596491228	0.37543859649122807	0.014279770178032445
schfoodservic7277mont_0099	0.04482758620689655	0.2	0.032074152110980386
schfoodservic7277mont_0100	0.15810276679841898	0.44664031620553357	-0.09960427419283435
schfoodservic7277mont_0101	0.027227722772277228	0.19554455445544555	0.43778606018219335
schfoodservic7277mont_0102	0.0	0.1	-0.9288224722682082
schfoodservic7277mont_0103	0.004291845493562232	0.13733905579399142	-0.1707818019246261
schfoodservic7277mont_0104	0.003076923076923077	0.18461538461538463	0.15663482564161596
schfoodservic7277mont_0105	0.017857142857142856	0.11011904761904762	0.19578246589410142
schfoodservic7277mont_0106	0.008695652173913044	0.12608695652173912	-0.18145843108439486
schfoodservic7277mont_0107	0.005050505050505051	0.12878787878787878	0.40931504908947663
schfoodservic7277mont_0108	0.0	0.29411764705882354	-0.939499101427977
schfoodservic7277mont_0109	0.00425531914893617	0.13617021276595745	-0.16366404915144694
schfoodservic7277mont_0110	0.0045871559633027525	0.16055045871559634	-0.22416494772346993
schfoodservic7277mont_0111	0.00558659217877095	0.13687150837988826	0.27407774639907234
schfoodservic7277mont_0112	0.03007518796992481	0.14285714285714285	-0.05333888116716972
schfoodservic7277mont_0113	0.04918032786885246	0.18442622950819673	-0.13163416167214065
schfoodservic7277mont_0114	0.0	0.125	-0.9430579778145666
schfoodservic7277mont_0115	0	0	-1.0
schfoodservic7277mont_0116	0.08695652173913043	0.08695652173913043	-0.9181458431084395
schfoodservic7277mont_0117	0.05962059620596206	0.18699186991869918	0.3132253866515578
schfoodservic7277mont_0118	0.06084656084656084	0.1693121693121693	0.3452552741308641
schfoodservic7277mont_0119	0.04059040590405904	0.33579335793357934	-0.03554449923422178
schfoodservic7277mont_0120	0.1362763915547025	0.29366602687140114	0.8541745974131751
schfoodservic7277mont_0121	0.12572533849129594	0.30947775628626695	0.8399390918668167
schfoodservic7277mont_0122	0	0	-1.0
schfoodservic7277mont_0123	0.010638297872340425	0.1347517730496454	0.003603141018263683
schfoodservic7277mont_0124	0.007220216606498195	0.12274368231046931	-0.014191240914684254
schfoodservic7277mont_0125	0.0038461538461538464	0.15384615384615385	-0.07469213948670725
schfoodservic7277mont_0126	0.016666666666666666	0.1375	-0.145869667218499
schfoodservic7277mont_0127	0	0	-1.0
schfoodservic7277mont_0128	0.008298755186721992	0.11618257261410789	-0.1423107908319094
schfoodservic7277mont_0129	0	0	-1.0
schfoodservic7277mont_0130	0.008583690987124463	0.21888412017167383	-0.1707818019246261
schfoodservic7277mont_0131	0	0	-1.0
schfoodservic7277mont_0132	0.15384615384615385	0.07692307692307693	-0.9074692139486707
schfoodservic7277mont_0133	0.13059701492537312	0.2667910447761194	0.9075577432120189
schfoodservic7277mont_0134	0.03949044585987261	0.24713375796178344	1.7937179634728262
schfoodservic7277mont_0135	0.02857142857142857	0.16666666666666666	0.4947280823676268
schfoodservic7277mont_0136	0.045180722891566265	0.16265060240963855	0.18154696034774306
schfoodservic7277mont_0137	0.03896103896103896	0.21558441558441557	0.3701674088369912
schfoodservic7277mont_0138	0.003676470588235294	0.16727941176470587	0.9360287543047356
schfoodservic7277mont_0139	0.11609498680738786	0.23218997361477572	0.3488141505174537
schfoodservic7277mont_0140	0	0	-1.0
schfoodservic7277mont_0141	0.009389671361502348	0.13145539906103287	-0.24195932965641787
schfoodservic7277mont_0142	0.03117505995203837	0.17266187050359713	0.484051453207858
schfoodservic7277mont_0143	0.009111617312072893	0.11845102505694761	0.562346733712829
schfoodservic7277mont_0144	0.007692307692307693	0.1596153846153846	0.8506157210265856
schfoodservic7277mont_0145	0.05263157894736842	0.1826625386996904	0.14951707286843677
schfoodservic7277mont_0146	0.015822784810126583	0.1360759493670886	0.12460493816230966
schfoodservic7277mont_0147	0.0064516129032258064	0.08387096774193549	-0.4483741600786139
schfoodservic7277mont_0148	0.008875739644970414	0.13609467455621302	0.20290021866728059
schfoodservic7277mont_0149	0.022613065326633167	0.2135678391959799	0.41643280186265585
schfoodservic7277mont_0150	0.014957264957264958	0.1623931623931624	0.665554148923927
schfoodservic7277mont_0151	0.09333333333333334	0.26666666666666666	0.06766291597687626
schfoodservic7277mont_0152	0.09644670050761421	0.2436548223350254	-0.29890135184185124
schfoodservic7277mont_0153	0	0	-1.0
schfoodservic7277mont_0154	0.08695652173913043	0.13043478260869565	-0.9181458431084395
schfoodservic7277mont_0155	0.025252525252525252	0.11363636363636363	0.40931504908947663
schfoodservic7277mont_0156	0.019572953736654804	0.199288256227758	1.0000885292633481
schfoodservic7277mont_0157	0.015358361774744027	0.16723549488054607	1.0855015625414983
schfoodservic7277mont_0158	0.031096563011456628	0.16530278232405893	1.174473472206238
schfoodservic7277mont_0159	0.01978021978021978	0.2	0.6192887558982624
schfoodservic7277mont_0160	0.012853470437017995	0.19023136246786632	0.38440291438334956
schfoodservic7277mont_0161	0.005988023952095809	0.1377245508982036	-0.40566764343953887
schfoodservic7277mont_0162	0.0079155672823219	0.17678100263852242	0.3488141505174537
schfoodservic7277mont_0163	0.004032258064516129	0.21774193548387097	-0.11739865612578229
schfoodservic7277mont_0164	0.0	0.18041237113402062	-0.30957798100162004
schfoodservic7277mont_0165	0.0	0.13647058823529412	0.5125224643005747
schfoodservic7277mont_0166	0.09523809523809523	0.3025210084033613	0.27051887001248276
schfoodservic7277mont_0167	0.0049504950495049506	0.09900990099009901	-0.2811069699089033
schfoodservic7277mont_0168	0.0031847133757961785	0.1337579617834395	0.11748718538913049
schfoodservic7277mont_0169	0.0111731843575419	0.2430167597765363	0.27407774639907234
schfoodservic7277mont_0170	0.010169491525423728	0.2	0.04986853404392832
schfoodservic7277mont_0171	0.11312217194570136	0.3891402714932127	-0.21348831856370115
schfoodservic7277mont_0172	0.12030075187969924	0.44360902255639095	-0.5266694405835849
schfoodservic7277mont_0173	0	0	-1.0
schfoodservic7277mont_0174	0.058823529411764705	0.35294117647058826	-0.939499101427977
schfoodservic7277mont_0175	0.1206896551724138	0.6206896551724138	-0.7935851695778039
schfoodservic7277mont_0176	0.05263157894736842	0.16447368421052633	0.08189842152323461
schfoodservic7277mont_0177	0.005016722408026756	0.15719063545150502	1.1282080791805733
schfoodservic7277mont_0178	0.06206896551724138	0.17701149425287357	0.5481112281664706
schfoodservic7277mont_0179	0.1728395061728395	0.3168724279835391	-0.13519303805873023
schfoodservic7277mont_0180	0.05788423153692615	0.21357285429141717	0.7829970696813834
schfoodservic7277mont_0181	0.14600550964187328	0.23140495867768596	0.29187212833202025
schfoodservic7277mont_0182	0	0	-1.0
schfoodservic7277mont_0183	0.030303030303030304	0.1919191919191919	-0.29534247545526165
schfoodservic7277mont_0184	0.04271356783919598	0.16331658291457288	0.41643280186265585
schfoodservic7277mont_0185	0.013440860215053764	0.13440860215053763	0.32390201581132655
schfoodservic7277mont_0186	0.010548523206751054	0.12236286919831224	0.6869074072434644
schfoodservic7277mont_0187	0.05121293800539083	0.12398921832884097	0.32034313942473697
schfoodservic7277mont_0188	0.0029411764705882353	0.15	0.21001797144045975
schfoodservic7277mont_0189	0.008695652173913044	0.1956521739130435	-0.18145843108439486
schfoodservic7277mont_0190	0.01818181818181818	0.2109090909090909	-0.02130899368786343
schfoodservic7277mont_0191	0.011933174224343675	0.15513126491646778	0.4911692059810372
schfoodservic7277mont_0192	0.007772020725388601	0.21243523316062177	0.3737262852235808
schfoodservic7277mont_0193	0.036211699164345405	0.15598885793871867	0.2776366227856619
schfoodservic7277mont_0194	0.0170316301703163	0.15815085158150852	0.4626981948883205
schfoodservic7277mont_0195	0	0	-1.0
schfoodservic7277mont_0196	0.07142857142857142	0.25	-0.9003514611754916
schfoodservic7277mont_0197	0.05357142857142857	0.14583333333333334	0.19578246589410142
schfoodservic7277mont_0198	0.027439024390243903	0.11890243902439024	1.3346229096027695
schfoodservic7277mont_0199	0.00784313725490196	0.20980392156862746	0.8150269571606896
schfoodservic7277mont_0200	0.10434782608695652	0.2217391304347826	-0.18145843108439486
schfoodservic7277mont_0201	0.03184713375796178	0.267515923566879	0.11748718538913049
schfoodservic7277mont_0202	0	0	-1.0
schfoodservic7277mont_0203	0.005263157894736842	0.1631578947368421	-0.32381348654797837
schfoodservic7277mont_0204	0.017699115044247787	0.1592920353982301	-0.1956939366307532
schfoodservic7277mont_0205	0.017857142857142856	0.14540816326530612	0.3950795435431183
schfoodservic7277mont_0206	0.0	0.12578616352201258	-0.4341386545322556
schfoodservic7277mont_0207	0.015789473684210527	0.15263157894736842	-0.32381348654797837
schfoodservic7277mont_0208	0.004629629629629629	0.18981481481481483	-0.2312827004966491
schfoodservic7277mont_0209	0	0	-1.0
schfoodservic7277mont_0210	0.15	0.5	-0.8576449445364165
schfoodservic7277mont_0211	0.03860294117647059	0.09191176470588236	0.9360287543047356
schfoodservic7277mont_0212	0.05994550408719346	0.1553133514986376	0.30610763387837864
schfoodservic7277mont_0213	0.05200945626477541	0.17494089834515367	0.5054047115273955
schfoodservic7277mont_0214	0.2862903225806452	0.25	-0.11739865612578229
schfoodservic7277mont_0215	0.10232558139534884	0.18604651162790697	-0.23484157688323867
schfoodservic7277mont_0216	0	0	-1.0
schfoodservic7277mont_0217	0.06511627906976744	0.13488372093023257	-0.23484157688323867
schfoodservic7277mont_0218	0	0	-1.0
schfoodservic7277mont_0219	0.029535864978902954	0.14767932489451477	-0.15654629637826775
schfoodservic7277mont_0220	0.008982035928143712	0.17664670658682635	0.18866471312092223
schfoodservic7277mont_0221	0.012626262626262626	0.14393939393939395	0.40931504908947663
schfoodservic7277mont_0222	0.008264462809917356	0.19008264462809918	0.29187212833202025
schfoodservic7277mont_0223	0.012658227848101266	0.20675105485232068	-0.15654629637826775
schfoodservic7277mont_0224	0.04891304347826087	0.09782608695652174	-0.3451667448675159
schfoodservic7277mont_0225	0	0	-1.0
schfoodservic7277mont_0226	0.16	0.28	-0.9110280903352603
schfoodservic7277mont_0227	0.02909090909090909	0.13818181818181818	0.9573820126242731
schfoodservic7277mont_0228	0.04522613065326633	0.16331658291457288	0.41643280186265585
schfoodservic7277mont_0229	0.03715170278637771	0.21981424148606812	0.14951707286843677
schfoodservic7277mont_0230	0.08505154639175258	0.5309278350515464	0.38084403799676
schfoodservic7277mont_0231	0.1445993031358885	0.3501742160278746	1.0427950459024233
schfoodservic7277mont_0232	0.11764705882352941	0.3137254901960784	0.45202156572855173
schfoodservic7277mont_0233	0.010471204188481676	0.13089005235602094	-0.3202546101613888
schfoodservic7277mont_0234	0.018808777429467086	0.2664576802507837	0.1352815673220784
schfoodservic7277mont_0235	0.012145748987854251	0.12955465587044535	-0.12095753251237187
schfoodservic7277mont_0236	0.07547169811320754	0.27358490566037735	-0.6227591030215037
schfoodservic7277mont_0237	0.03211009174311927	0.26605504587155965	-0.22416494772346993
schfoodservic7277mont_0238	0.050359712230215826	0.41007194244604317	-0.5053161822640473
schfoodservic7277mont_0239	0.06762295081967214	0.18032786885245902	0.7367316766557187
schfoodservic7277mont_0240	0.051001821493624776	0.1621129326047359	0.9538231362376836
schfoodservic7277mont_0241	0.08709677419354839	0.25161290322580643	0.10325167984277213
schfoodservic7277mont_0242	0.21428571428571427	0.4392857142857143	-0.003514611754915492
schfoodservic7277mont_0243	0.03563941299790356	0.18238993710691823	0.6975840364032333
schfoodservic7277mont_0244	0.029304029304029304	0.27106227106227104	-0.028426746461042606
schfoodservic7277mont_0245	0.11182994454713494	0.4020332717190388	2.850704250289934
schfoodservic7277mont_0246	0	0	-1.0
schfoodservic7277mont_0247	0.008802816901408451	0.13732394366197184	1.0214417875828856
schfoodservic7277mont_0248	0.14657210401891252	0.24349881796690306	0.5054047115273955
schfoodservic7277mont_0249	0	0	-1.0
schfoodservic7277mont_0250	0.3333333333333333	0.3333333333333333	-0.9786467416804625
schfoodservic7277mont_0251	0.007692307692307693	0.11538461538461539	-0.5373460697433536
schfoodservic7277mont_0252	0.0043859649122807015	0.2675438596491228	-0.18857618385757405
schfoodservic7277mont_0253	0.015105740181268883	0.19939577039274925	0.17798808396115348
schfoodservic7277mont_0254	0.05732484076433121	0.1337579617834395	0.11748718538913049
schfoodservic7277mont_0255	0.005714285714285714	0.21142857142857144	0.24560673530635563
schfoodservic7277mont_0256	0.0043859649122807015	0.2807017543859649	-0.18857618385757405
schfoodservic7277mont_0257	0.004329004329004329	0.12987012987012986	-0.17789955469780527
schfoodservic7277mont_0258	0.010050251256281407	0.24120603015075376	-0.2917835990686721
schfoodservic7277mont_0259	0.003257328990228013	0.11400651465798045	0.09257505068300337
schfoodservic7277mont_0260	0.0	0.13392857142857142	0.19578246589410142
schfoodservic7277mont_0261	0.013793103448275862	0.2206896551724138	-0.4839629239445098
schfoodservic7277mont_0262	0.023809523809523808	0.20535714285714285	0.19578246589410142
schfoodservic7277mont_0263	0.018957345971563982	0.0947867298578199	0.5018458351408059
schfoodservic7277mont_0264	0.041666666666666664	0.1987179487179487	0.11036943261595131
schfoodservic7277mont_0265	0.035545023696682464	0.3246445497630332	0.5018458351408059
schfoodservic7277mont_0266	0.1044776119402985	0.24477611940298508	0.1922235895075118
schfoodservic7277mont_0267	0.06297709923664122	0.16603053435114504	0.8648512265729439
schfoodservic7277mont_0268	0.014227642276422764	0.2865853658536585	0.750967182202077
schfoodservic7277mont_0269	0.23127753303964757	0.11674008810572688	0.6157298795116727
schfoodservic7277mont_0270	0.14790996784565916	0.2733118971061093	0.10681055622936173
schfoodservic7277mont_0271	0.09116022099447514	0.2265193370165746	0.28831325194543067
schfoodservic7277mont_0272	0.05750798722044728	0.3226837060702875	0.11392830900254089
schfoodservic7277mont_0273	0.09937888198757763	0.38509316770186336	0.14595819648184719
schfoodservic7277mont_0274	0	0	-1.0
schfoodservic7277mont_0275	0.008264462809917356	0.1322314049586777	-0.5693759572226599
schfoodservic7277mont_0276	0.003424657534246575	0.10616438356164383	0.03919190488415956
schfoodservic7277mont_0277	0.01728395061728395	0.12345679012345678	0.44134493656878293
schfoodservic7277mont_0278	0.016	0.104	0.3345786449710953
schfoodservic7277mont_0279	0.02952029520295203	0.14760147601476015	-0.03554449923422178
schfoodservic7277mont_0280	0.015424164524421594	0.15681233933161953	0.38440291438334956
schfoodservic7277mont_0281	0.006369426751592357	0.12738853503184713	-0.44125640730543475
schfoodservic7277mont_0282	0.0056022408963585435	0.12044817927170869	0.27051887001248276
schfoodservic7277mont_0283	0.13732394366197184	0.13732394366197184	0.010720893791442858
schfoodservic7277mont_0284	0.05329153605015674	0.11912225705329153	0.1352815673220784
schfoodservic7277mont_0285	0.1323529411764706	0.6764705882352942	-0.03198562284763219
schfoodservic7277mont_0286	0.036065573770491806	0.24918032786885247	0.08545729790982419
schfoodservic7277mont_0287	0	0	-1.0
schfoodservic7277mont_0288	0.13043478260869565	0.43478260869565216	-0.9181458431084395
schfoodservic7277mont_0289	0.04	0.24	-0.8220561806705207
schfoodservic7277mont_0290	0.02099236641221374	0.11068702290076336	0.8648512265729439
schfoodservic7277mont_0291	0.12534818941504178	0.2590529247910863	0.2776366227856619
schfoodservic7277mont_0292	0.08468468468468468	0.24144144144144145	0.975176394557221
schfoodservic7277mont_0293	0.0855614973262032	0.37967914438502676	0.3310197685845057
schfoodservic7277mont_0294	0.04435483870967742	0.2862903225806452	-0.11739865612578229
schfoodservic7277mont_0295	0	0	-1.0
schfoodservic7277mont_0296	0.3333333333333333	0.5333333333333333	-0.9466168542011562
schfoodservic7277mont_0297	0.057926829268292686	0.13414634146341464	0.1673114548013847
schfoodservic7277mont_0298	0.14673913043478262	0.28804347826086957	0.3096665102649682
schfoodservic7277mont_0299	0.0963855421686747	0.30843373493975906	0.4769337004346788
schfoodservic7277mont_0300	0.008902077151335312	0.19584569732937684	0.199341342280691
schfoodservic7277mont_0301	0.016129032258064516	0.1967741935483871	0.10325167984277213
schfoodservic7277mont_0302	0.06643356643356643	0.3006993006993007	0.017838646564622033
schfoodservic7277mont_0303	0.20353982300884957	0.34513274336283184	-0.5978469683153766
schfoodservic7277mont_0304	0	0	-1.0
schfoodservic7277mont_0305	0.009940357852882704	0.14910536779324055	0.7901148224545625
schfoodservic7277mont_0306	0.03428571428571429	0.19142857142857142	0.24560673530635563
schfoodservic7277mont_0307	0.03349282296650718	0.14114832535885166	0.4876103295944476
schfoodservic7277mont_0308	0.11858974358974358	0.20833333333333334	0.11036943261595131
schfoodservic7277mont_0309	0.23461538461538461	0.38076923076923075	-0.07469213948670725
schfoodservic7277mont_0310	0.05747126436781609	0.1206896551724138	-0.3807555087334118
schfoodservic7277mont_0311	0.0033003300330033004	0.24422442244224424	1.15667909027329
schfoodservic7277mont_0312	0.007704160246533128	0.16024653312788906	1.3097107748966423
schfoodservic7277mont_0313	0.0752797558494405	0.3367243133265514	2.498375488017565
schfoodservic7277mont_0314	0.11282660332541568	0.3919239904988123	1.996573917508433
schfoodservic7277mont_0315	0.16695652173913045	0.4121739130434783	1.0463539222890128
schfoodservic7277mont_0316	0	0	-1.0
schfoodservic7277mont_0317	0	0	-1.0
schfoodservic7277mont_0318	0.17142857142857143	0.4	-0.8754393264693644
schfoodservic7277mont_0319	0.04197530864197531	0.1308641975308642	0.44134493656878293
schfoodservic7277mont_0320	0.03007518796992481	0.13533834586466165	-0.05333888116716972
schfoodservic7277mont_0321	0.041343669250646	0.2997416020671835	0.3772851616101704
schfoodservic7277mont_0322	0	0	-1.0
schfoodservic7277mont_0323	0	0	-1.0
schfoodservic7277mont_0324	0.13636363636363635	0.09090909090909091	-0.9217047194950291
schfoodservic7277mont_0325	0.016548463356973995	0.14893617021276595	0.5054047115273955
schfoodservic7277mont_0326	0.0110803324099723	0.18282548476454294	0.2847543755588411
schfoodservic7277mont_0327	0.0033613445378151263	0.13109243697478992	1.1175314500208047
schfoodservic7277mont_0328	0.008955223880597015	0.14029850746268657	0.1922235895075118
schfoodservic7277mont_0329	0.2619047619047619	0.4365079365079365	-0.551581575289712
schfoodservic7277mont_0330	0	0	-1.0
schfoodservic7277mont_0331	0	0	-1.0
schfoodservic7277mont_0332	0.08	0.2	-0.9110280903352603
schfoodservic7277mont_0333	0.042283298097251586	0.16701902748414377	0.6833485308568749
schfoodservic7277mont_0334	0.013282732447817837	0.13851992409867173	0.8755278557327126
schfoodservic7277mont_0335	0.015151515151515152	0.10606060606060606	0.17442920757456387
schfoodservic7277mont_0336	0.007692307692307693	0.18205128205128204	0.38796179076993914
schfoodservic7277mont_0337	0.024691358024691357	0.16255144032921812	0.7296139238825395
schfoodservic7277mont_0338	0.15546218487394958	0.22899159663865545	0.6940251600166437
schfoodservic7277mont_0339	0	0	-1.0
schfoodservic7277mont_0340	0.20833333333333334	0.20833333333333334	-0.9145869667218499
schfoodservic7277mont_0341	0.014204545454545454	0.15056818181818182	0.2527244880795348
schfoodservic7277mont_0342	0.038461538461538464	0.16063348416289594	0.5730233628725977
schfoodservic7277mont_0343	0.1881918819188192	0.24354243542435425	-0.03554449923422178
schfoodservic7277mont_0344	0	0	-1.0
schfoodservic7277mont_0345	0	0	-1.0
schfoodservic7277mont_0346	0.14285714285714285	0.09523809523809523	-0.9252635958816187
schfoodservic7277mont_0347	0.0	0.0	-0.9964411236134104
schfoodservic7277mont_0348	0.08695652173913043	0.13043478260869565	-0.9181458431084395
schfoodservic7277mont_0349	0.01928374655647383	0.15151515151515152	0.29187212833202025
schfoodservic7277mont_0350	0.013846153846153847	0.14923076923076922	1.3132696512832318
schfoodservic7277mont_0351	0.006880733944954129	0.15137614678899083	0.5516701045530602
schfoodservic7277mont_0352	0.006928406466512702	0.18244803695150116	0.5409934753932913
schfoodservic7277mont_0353	0.01256281407035176	0.14824120603015076	0.41643280186265585
schfoodservic7277mont_0354	0.04295942720763723	0.16467780429594273	0.4911692059810372
schfoodservic7277mont_0355	0	0	-1.0
schfoodservic7277mont_0356	0.13636363636363635	0.2727272727272727	-0.9217047194950291
schfoodservic7277mont_0357	0.03773584905660377	0.16037735849056603	-0.6227591030215037
schfoodservic7277mont_0358	0.01873536299765808	0.12177985948477751	0.5196402170737539
schfoodservic7277mont_0359	0.021922428330522766	0.1315345699831366	1.1104136972476255
schfoodservic7277mont_0360	0.021164021164021163	0.12522045855379188	1.0178829111962961
schfoodservic7277mont_0361	0.0	0.1424731182795699	0.32390201581132655
schfoodservic7277mont_0362	0.06927710843373494	0.21084337349397592	0.18154696034774306
schfoodservic7277mont_0363	0.024390243902439025	0.13658536585365855	-0.2704303407491346
schfoodservic7277mont_0364	0.21714285714285714	0.2914285714285714	-0.37719663234682216
schfoodservic7277mont_0365	0	0	-1.0
schfoodservic7277mont_0366	0.09523809523809523	0.14285714285714285	-0.9252635958816187
schfoodservic7277mont_0367	0	0	-1.0
schfoodservic7277mont_0368	0.17391304347826086	0.13043478260869565	-0.9181458431084395
schfoodservic7277mont_0369	0.03218390804597701	0.12413793103448276	0.5481112281664706
schfoodservic7277mont_0370	0.06870229007633588	0.15776081424936386	0.3986384199297079
schfoodservic7277mont_0371	0.06006006006006006	0.18618618618618618	0.18510583673433265
schfoodservic7277mont_0372	0.05604719764011799	0.19174041297935104	0.20645909505387017
schfoodservic7277mont_0373	0.0425531914893617	0.20567375886524822	0.5054047115273955
schfoodservic7277mont_0374	0.02865329512893983	0.17478510028653296	0.24204785891976605
schfoodservic7277mont_0375	0	0	-1.0
schfoodservic7277mont_0376	0.13636363636363635	0.18181818181818182	-0.9217047194950291
schfoodservic7277mont_0377	0.028846153846153848	0.1282051282051282	0.11036943261595131
schfoodservic7277mont_0378	0.018329938900203666	0.109979633401222	0.7474083058154875
schfoodservic7277mont_0379	0.08873720136518772	0.18088737201365188	0.04275078127074915
schfoodservic7277mont_0380	0.2631578947368421	0.3848684210526316	0.08189842152323461
schfoodservic7277mont_0381	0.1286549707602339	0.23391812865497075	0.21713572421363894
schfoodservic7277mont_0382	0.02493765586034913	0.2194513715710723	0.4271094310224246
schfoodservic7277mont_0383	0.07792207792207792	0.23376623376623376	-0.7259665182326017
schfoodservic7277mont_0384	0	0	-1.0
schfoodservic7277mont_0385	0	0	-1.0
schfoodservic7277mont_0386	0.13043478260869565	0.13043478260869565	-0.9181458431084395
schfoodservic7277mont_0387	0.038781163434903045	0.12188365650969529	0.2847543755588411
schfoodservic7277mont_0388	0.008264462809917356	0.13429752066115702	0.7224961711093604
schfoodservic7277mont_0389	0.06726457399103139	0.13901345291479822	-0.206370565790522
schfoodservic7277mont_0390	0.133086876155268	0.34935304990757854	0.9253521251449669
schfoodservic7277mont_0391	0.01727447216890595	0.15738963531669867	0.8541745974131751
schfoodservic7277mont_0392	0.04180064308681672	0.21221864951768488	0.10681055622936173
schfoodservic7277mont_0393	0.010282776349614395	0.14910025706940874	0.38440291438334956
schfoodservic7277mont_0394	0.011682242990654205	0.14485981308411214	0.5231990934603434
schfoodservic7277mont_0395	0.002652519893899204	0.13527851458885942	0.3416963977442745
schfoodservic7277mont_0396	0.04861111111111111	0.24305555555555555	0.024956399337801208
schfoodservic7277mont_0397	0.0625	0.19140625	-0.08892764503306559
schfoodservic7277mont_0398	0	0	-1.0
schfoodservic7277mont_0399	0	0	-1.0
schfoodservic7277mont_0400	0.14814814814814814	0.1111111111111111	-0.9039103375620812
schfoodservic7277mont_0401	0	0	-1.0
schfoodservic7277mont_0402	0	0	-1.0
CAT31303133_0001	0.0	0.2857142857142857	-0.929183348400706
CAT31303133_0002	0	0	-1.0
CAT31303133_0003	0	0	-1.0
CAT31303133_0004	0.08487084870848709	0.2177121771217712	1.7416160833440957
CAT31303133_0005	0.15346534653465346	0.3712871287128713	0.021783115932670377
CAT31303133_0006	0	0	-1.0
CAT31303133_0007	0.08695652173913043	0.22608695652173913	0.16341641913125834
CAT31303133_0008	0	0	-1.0
CAT31303133_0009	0.08598726114649681	0.27388535031847133	0.5883163287270222
CAT31303133_0010	0.06775700934579439	0.13551401869158877	1.164966206035559
CAT31303133_0011	0.1411042944785276	0.26380368098159507	-0.1754918420939343
CAT31303133_0012	0.06589147286821706	0.20930232558139536	0.30504972232984634
CAT31303133_0013	0.23306233062330622	0.2899728997289973	0.8665246028671058
CAT31303133_0014	0.11954022988505747	0.15632183908045977	1.200374531835206
CAT31303133_0015	0.09090909090909091	0.30303030303030304	1.1700245382926515
CAT31303133_0016	0.06060606060606061	0.22038567493112948	0.8361746093245512
CAT31303133_0017	0.0783289817232376	0.18276762402088773	0.9373412544663998
CAT31303133_0018	0.07650273224043716	0.2103825136612022	0.8513496060958285
CAT31303133_0019	0.11392405063291139	0.31645569620253167	-0.6003917516896983
CAT31303133_0020	0	0	-1.0
CAT31303133_0021	0.10432569974554708	0.31806615776081426	0.9879245770373241
CAT31303133_0022	0	0	-1.0
CAT31303133_0023	0.08433734939759036	0.18072289156626506	-0.5801584226613286
CAT31303133_0024	0	0	-1.0
CAT31303133_0025	0.052795031055900624	0.2111801242236025	0.6287829867837617
CAT31303133_0026	0	0	-1.0
CAT31303133_0027	0.05378973105134474	0.2567237163814181	1.0688578931508028
CAT31303133_0028	0.06818181818181818	0.30113636363636365	-0.10973352275173275
CAT31303133_0029	0.09090909090909091	0.09090909090909091	-0.9443583451719832
CAT31303133_0030	0.1423841059602649	0.25055187637969095	3.582849024925739
CAT31303133_0031	0.13953488372093023	0.21395348837209302	1.1750828705497438
CAT31303133_0032	0.11136363636363636	0.3068181818181818	1.225666193120668
CAT31303133_0033	0.15	0.29814814814814816	1.7314994188299107
CAT31303133_0034	0	0	-1.0
CAT31303133_0035	0.1623931623931624	0.2512820512820513	1.95912437039907
CAT31303133_0036	0.06614785992217899	0.40077821011673154	0.2999913900727539
CAT31303133_0037	0	0	-1.0
CAT31303133_0038	0	0	-1.0
CAT31303133_0039	0.07612095933263817	0.2586027111574557	3.850940634551638
CAT31303133_0040	0.07462686567164178	0.22388059701492538	-0.6610917387748073
CAT31303133_0041	0.12557077625570776	0.2922374429223744	1.2155495286064832
CAT31303133_0042	1.0	0.0	-0.9949416677429076
CAT31303133_0043	0.16	0.28	0.01166645141848552
CAT31303133_0044	0.07377049180327869	0.22131147540983606	0.8513496060958285
CAT31303133_0045	0.1631578947368421	0.2894736842105263	-0.038916871152438755
CAT31303133_0046	0	0	-1.0
CAT31303133_0047	0.125	0.2625	-0.5953334194326058
CAT31303133_0048	0	0	-1.0
CAT31303133_0049	0.14057507987220447	0.24281150159744408	0.5832579964699298
CAT31303133_0050	0	0	-1.0
CAT31303133_0051	0.1701388888888889	0.2222222222222222	0.45679969004261917
CAT31303133_0052	0	0	-1.0
CAT31303133_0053	0.25609756097560976	0.3170731707317073	-0.585216754918421
CAT31303133_0054	0	0	-1.0
CAT31303133_0055	0.17647058823529413	0.22727272727272727	0.8918162641525679
CAT31303133_0056	0	0	-1.0
CAT31303133_0057	0.254416961130742	0.26501766784452296	0.431508028757157
CAT31303133_0058	0	0	-1.0
CAT31303133_0059	0.19140625	0.33984375	0.2949330578156615
CAT31303133_0060	0	0	-1.0
CAT31303133_0061	0.10909090909090909	0.2935064935064935	0.9474579189805846
CAT31303133_0062	0.1	0.3	0.0622497739894098
CAT31303133_0063	0.20938628158844766	0.35379061371841153	0.40115803521460247
CAT31303133_0064	0.13001912045889102	0.2447418738049713	1.6455077704593395
CAT31303133_0065	0.12462908011869436	0.3293768545994065	0.7046579706401481
CAT31303133_0066	0.13559322033898305	0.3559322033898305	-0.10467519049464032
CAT31303133_0067	0.2028985507246377	0.23768115942028986	0.7451246286968876
CAT31303133_0068	0.06310679611650485	0.35436893203883496	0.04201644496104009
CAT31303133_0069	0.17766497461928935	0.25888324873096447	-0.003508545352791762
CAT31303133_0070	0	0	-1.0
CAT31303133_0071	0.2389937106918239	0.32075471698113206	0.6085496577553919
CAT31303133_0072	0.0	0.20689655172413793	-0.8533083645443196
CAT31303133_0073	0.21678321678321677	0.2517482517482518	0.4466830255284343
CAT31303133_0074	0.17777777777777778	0.28888888888888886	-0.5447500968616815
CAT31303133_0075	0.08174386920980926	0.23978201634877383	0.856407938352921
CAT31303133_0076	0.0893854748603352	0.2122905027932961	-0.09455852598045546
CAT31303133_0077	0.10666666666666667	0.264	0.8968745964096604
CAT31303133_0078	0	0	-1.0
CAT31303133_0079	0.18991097922848665	0.2997032640949555	0.7046579706401481
CAT31303133_0080	0	0	-1.0
CAT31303133_0081	0.09659090909090909	0.24147727272727273	0.7805329544965345
CAT31303133_0082	0.0	0.0	-0.9949416677429076
CAT31303133_0083	0.13432835820895522	0.21890547263681592	0.016724783675577948
CAT31303133_0084	0	0	-1.0
CAT31303133_0085	0.13656387665198239	0.22026431718061673	0.14824142235998106
CAT31303133_0086	0.0	0.08333333333333333	-0.9393000129148908
CAT31303133_0087	0.10416666666666667	0.24305555555555555	0.45679969004261917
CAT31303133_0088	0.0	0.07692307692307693	-0.9342416806577984
CAT31303133_0089	0.17307692307692307	0.2932692307692308	0.05213310947522494
CAT31303133_0090	0	0	-1.0
CAT31303133_0091	0.19148936170212766	0.3282674772036474	0.6641913125834087
CAT31303133_0092	0	0	-1.0
CAT31303133_0093	0.16831683168316833	0.3712871287128713	0.021783115932670377
CAT31303133_0094	0.0	0.0	-0.9949416677429076
CAT31303133_0095	0.1263537906137184	0.27075812274368233	0.40115803521460247
CAT31303133_0096	0.10416666666666667	0.1875	-0.514400103319127
CAT31303133_0097	0.2682926829268293	0.3693379790940767	0.4517413577855267
CAT31303133_0098	0.19387755102040816	0.21428571428571427	-0.5042834388049421
CAT31303133_0099	0.1414790996784566	0.2861736334405145	0.573141331955745
CAT31303133_0100	0	0	-1.0
CAT31303133_0101	0.21929824561403508	0.2807017543859649	0.15329975461707349
CAT31303133_0102	0	0	-1.0
CAT31303133_0103	0.14220183486238533	0.21559633027522937	0.10271643204614922
CAT31303133_0104	0	0	-1.0
CAT31303133_0105	0.11180124223602485	0.19875776397515527	-0.18560850660811914
CAT31303133_0106	0.09055118110236221	0.25984251968503935	0.2848163933014766
CAT31303133_0107	0.1366906474820144	0.20863309352517986	-0.29689181626415256
CAT31303133_0108	0	0	-1.0
CAT31303133_0109	0.16831683168316833	0.2145214521452145	0.5326746738990056
CAT31303133_0110	0	0	-1.0
CAT31303133_0111	0.125	0.21551724137931033	0.1735330836454432
CAT31303133_0112	0	0	-1.0
CAT31303133_0113	0.08898305084745763	0.2076271186440678	0.19376641267381292
CAT31303133_0114	0	0	-1.0
CAT31303133_0115	0.19578313253012047	0.2469879518072289	0.679366309354686
CAT31303133_0116	0	0	-1.0
CAT31303133_0117	0.08504398826979472	0.2697947214076246	0.7248912996685178
CAT31303133_0118	0.11666666666666667	0.3055555555555556	-0.08950019372336303
CAT31303133_0119	0.1870967741935484	0.2903225806451613	-0.21595850015067372
CAT31303133_0120	0.13247863247863248	0.3076923076923077	0.18364974815962806
CAT31303133_0121	0.10452961672473868	0.1916376306620209	0.4517413577855267
CAT31303133_0122	0	0	-1.0
CAT31303133_0123	0.19613259668508287	0.26795580110497236	0.8311162770674588
CAT31303133_0124	0.14035087719298245	0.19298245614035087	-0.7116750613457317
CAT31303133_0125	0.125	0.21785714285714286	0.41633303198587973
CAT31303133_0126	0.0	0.5	-0.9898833354858152
CAT31303133_0127	0.1891891891891892	0.3783783783783784	-0.8128417064875801
CAT31303133_0128	0.09375	0.3072916666666667	-0.0288002066382539
CAT31303133_0129	0.12828947368421054	0.27631578947368424	0.537733006156098
CAT31303133_0130	0	0	-1.0
CAT31303133_0131	0.27058823529411763	0.2	0.7198329674114254
CAT31303133_0132	0.0	1.0	-0.9949416677429076
CAT31303133_0133	0.17616580310880828	0.24352331606217617	-0.023741874381161474
CAT31303133_0134	0	0	-1.0
CAT31303133_0135	0.1262135922330097	0.22330097087378642	0.04201644496104009
CAT31303133_0136	0	0	-1.0
CAT31303133_0137	0.11450381679389313	0.2366412213740458	0.32528305135821606
CAT31303133_0138	0.07692307692307693	0.15384615384615385	-0.8027250419733953
CAT31303133_0139	0.1896551724137931	0.22413793103448276	-0.7066167290886392
CAT31303133_0140	0	0	-1.0
CAT31303133_0141	0.10333333333333333	0.21	0.5174996771277283
CAT31303133_0142	0.09444444444444444	0.25	-0.08950019372336303
CAT31303133_0143	0.1044776119402985	0.208955223880597	0.016724783675577948
CAT31303133_0144	0.08016877637130802	0.2489451476793249	0.19882474493090535
CAT31303133_0145	0.16996047430830039	0.30039525691699603	0.27975806104438417
CAT31303133_0146	0.0	0.0	-0.9949416677429076
CAT31303133_0147	0.2505263157894737	0.2926315789473684	1.4027078221189029
CAT31303133_0148	0	0	-1.0
CAT31303133_0149	0.21739130434782608	0.23745819397993312	0.5124413448706359
CAT31303133_0150	0	0	-1.0
CAT31303133_0151	0.21839080459770116	0.30268199233716475	0.3202247191011236
CAT31303133_0152	0	0	-1.0
CAT31303133_0153	0.20465116279069767	0.2744186046511628	0.08754143527487193
CAT31303133_0154	0	0	-1.0
CAT31303133_0155	0.1347517730496454	0.20094562647754138	1.1396745447500969
CAT31303133_0156	0.06920415224913495	0.25951557093425603	0.46185802229971157
CAT31303133_0157	0.240625	0.315625	0.6186663222695769
CAT31303133_0158	0.31724137931034485	0.5655172413793104	-0.266541822721598
CAT31303133_0159	0.19665271966527198	0.30962343096234307	0.2089414094450902
CAT31303133_0160	0.15757575757575756	0.22424242424242424	-0.16537517757974945
CAT31303133_0161	0.16666666666666666	0.16666666666666666	0.33539971587240086
CAT31303133_0162	0	0	-1.0
CAT31303133_0163	0.19883040935672514	0.3216374269005848	1.5949244478884153
CAT31303133_0164	0	0	-1.0
CAT31303133_0165	0.23190789473684212	0.2680921052631579	2.0754660123121957
CAT31303133_0166	0.12790697674418605	0.25290697674418605	0.740066296439795
CAT31303133_0167	0.1469387755102041	0.23877551020408164	1.4785828059752895
CAT31303133_0168	0	0	-1.0
CAT31303133_0169	0.07191011235955057	0.2449438202247191	1.2509578544061304
CAT31303133_0170	0	0	-1.0
CAT31303133_0171	0.19230769230769232	0.2958579881656805	0.7097163028972405
CAT31303133_0172	0.1553398058252427	0.23624595469255663	0.5630246674415601
CAT31303133_0173	0.2032520325203252	0.22493224932249323	0.8665246028671058
CAT31303133_0174	0.1368421052631579	0.23157894736842105	0.9221662576951225
CAT31303133_0175	0.13370473537604458	0.27019498607242337	0.8159412802961815
CAT31303133_0176	0.14285714285714285	0.09523809523809523	-0.893775022601059
CAT31303133_0177	0.21149897330595482	0.23819301848049282	1.4634078092040121
CAT31303133_0178	0.10218978102189781	0.10948905109489052	-0.3070084807783374
CAT31303133_0179	0.12562814070351758	0.20100502512562815	0.006608119161393093
CAT31303133_0180	0.08090614886731391	0.22330097087378642	0.5630246674415601
CAT31303133_0181	0.06752411575562701	0.2829581993569132	0.573141331955745
CAT31303133_0182	0.1506849315068493	0.2876712328767123	-0.6307417452322528
CAT31303133_0183	0	0	-1.0
CAT31303133_0184	0.07659574468085106	0.225531914893617	0.1887080804167205
CAT31303133_0185	0.23478260869565218	0.30434782608695654	0.16341641913125834
CAT31303133_0186	0.0	0.5454545454545454	-0.9443583451719832
CAT31303133_0187	0.19455252918287938	0.22957198443579765	0.2999913900727539
CAT31303133_0188	0.14285714285714285	0.21978021978021978	-0.5396917646045891
CAT31303133_0189	0.1148936170212766	0.2978723404255319	0.1887080804167205
CAT31303133_0190	0.13157894736842105	0.21052631578947367	-0.42335012269146327
CAT31303133_0191	0.16058394160583941	0.35766423357664234	0.38598303844332515
CAT31303133_0192	0.14035087719298245	0.19298245614035087	-0.42335012269146327
CAT31303133_0193	0.15503875968992248	0.3023255813953488	0.30504972232984634
CAT31303133_0194	0.125	0.23214285714285715	-0.7167333936028241
CAT31303133_0195	0.1105121293800539	0.21293800539083557	0.8766412673812907
CAT31303133_0196	0.2222222222222222	0.26262626262626265	-0.4992251065478497
CAT31303133_0197	0.23934426229508196	0.24262295081967214	0.5427913384131904
CAT31303133_0198	0.09502262443438914	0.2171945701357466	0.1178914288174265
CAT31303133_0199	0.20303030303030303	0.30606060606060603	0.6692496448405011
CAT31303133_0200	0.15841584158415842	0.21782178217821782	0.021783115932670377
CAT31303133_0201	0.15064102564102563	0.2724358974358974	0.5781996642128374
CAT31303133_0202	0.14655172413793102	0.28448275862068967	-0.4132334581772784
CAT31303133_0203	0.24290220820189273	0.2334384858044164	0.6034913254982995
CAT31303133_0204	0.14444444444444443	0.2611111111111111	0.8209996125532739
CAT31303133_0205	0.10043668122270742	0.2096069868995633	0.15835808687416592
CAT31303133_0206	0.08547008547008547	0.19658119658119658	-0.40817512592018595
CAT31303133_0207	0.09615384615384616	0.36538461538461536	-0.7369667226311938
CAT31303133_0208	0.06824146981627296	0.15223097112860892	0.9272245899522149
CAT31303133_0209	0.13564668769716087	0.21766561514195584	0.6034913254982995
CAT31303133_0210	0.125	0.16666666666666666	-0.3930001291489087
CAT31303133_0211	0.1583011583011583	0.3204633204633205	0.31010805458693874
CAT31303133_0212	0.12345679012345678	0.20987654320987653	-0.5902750871755134
CAT31303133_0213	0.1443850267379679	0.25133689839572193	0.8918162641525679
CAT31303133_0214	0.14583333333333334	0.2708333333333333	-0.7572000516595635
CAT31303133_0215	0.12947658402203857	0.2699724517906336	0.8361746093245512
CAT31303133_0216	0.023809523809523808	0.07142857142857142	-0.787550045202118
CAT31303133_0217	0.15404040404040403	0.25252525252525254	1.0030995738086013
CAT31303133_0218	0.15217391304347827	0.15217391304347827	-0.5346334323474966
CAT31303133_0219	0.11607142857142858	0.36160714285714285	0.1330664255887038
CAT31303133_0220	0.18181818181818182	0.21454545454545454	0.3910413707004176
CAT31303133_0221	0.17120622568093385	0.22568093385214008	0.2999913900727539
CAT31303133_0222	0.17543859649122806	0.2631578947368421	-0.7116750613457317
CAT31303133_0223	0.16129032258064516	0.25806451612903225	0.09765809978905679
CAT31303133_0224	0.0	0.2	-0.9747083387145379
CAT31303133_0225	0.23076923076923078	0.23076923076923078	0.38092470618623275
CAT31303133_0226	0.05919661733615222	0.16279069767441862	1.392591157604718
CAT31303133_0227	0.12598425196850394	0.18503937007874016	0.2848163933014766
CAT31303133_0228	0.17647058823529413	0.2184873949579832	0.20388307718799778
CAT31303133_0229	0.1214574898785425	0.2591093117408907	0.24940806750182962
CAT31303133_0230	0.10497237569060773	0.2265193370165746	0.8311162770674588
CAT31303133_0231	0.20388349514563106	0.22572815533980584	1.0840328899220801
CAT31303133_0232	0.15384615384615385	0.13986013986013987	-0.27665848723578285
CAT31303133_0233	0.15625	0.278125	0.6186663222695769
CAT31303133_0234	0.07936507936507936	0.14285714285714285	-0.043975203409531184
CAT31303133_0235	0.10032362459546926	0.2977346278317152	0.5630246674415601
CAT31303133_0236	0.25170068027210885	0.20408163265306123	-0.25642515820741313
CAT31303133_0237	0.15015015015015015	0.22822822822822822	0.6844246416117784
CAT31303133_0238	0.10096153846153846	0.22596153846153846	0.05213310947522494
CAT31303133_0239	0.19008264462809918	0.2396694214876033	-0.38794179689181624
CAT31303133_0240	0.0	0.3333333333333333	-0.9544750096861682
CAT31303133_0241	0.19936708860759494	0.25316455696202533	0.5984329932412071
CAT31303133_0242	0.12099644128113879	0.19217081850533807	0.42139136424297213
CAT31303133_0243	0.10461538461538461	0.27692307692307694	0.643957983555039
CAT31303133_0244	0.16666666666666666	0.2962962962962963	-0.7268500581170089
CAT31303133_0245	0.22267206477732793	0.39271255060728744	0.24940806750182962
CAT31303133_0246	0.16287878787878787	0.2689393939393939	0.33539971587240086
CAT31303133_0247	0.1532258064516129	0.21774193548387097	1.5089327995178439
CAT31303133_0248	0.11570247933884298	0.21487603305785125	-0.38794179689181624
CAT31303133_0249	0.1262135922330097	0.33980582524271846	0.5630246674415601
CAT31303133_0250	0.15570934256055363	0.1903114186851211	0.46185802229971157
CAT31303133_0251	0.17110266159695817	0.20912547528517111	0.33034138361530846
CAT31303133_0252	0.1493212669683258	0.26244343891402716	0.1178914288174265
CAT31303133_0253	0.1701492537313433	0.26865671641791045	0.6945413061259632
CAT31303133_0254	0.09386281588447654	0.3176895306859206	0.40115803521460247
CAT31303133_0255	0.06995884773662552	0.23045267489711935	0.2291747384734599
CAT31303133_0256	0.13	0.245	0.01166645141848552
CAT31303133_0257	0.15249266862170088	0.2903225806451613	0.7248912996685178
CAT31303133_0258	0.09813084112149532	0.19158878504672897	0.0824831030177795
CAT31303133_0259	0.143646408839779	0.30386740331491713	0.8311162770674588
CAT31303133_0260	0.09803921568627451	0.17647058823529413	-0.7420250548882862
CAT31303133_0261	0.1111111111111111	0.2152777777777778	0.45679969004261917
CAT31303133_0262	0.0898876404494382	0.2050561797752809	0.8007662835249042
CAT31303133_0263	0.13168724279835392	0.23045267489711935	0.2291747384734599
CAT31303133_0264	0.04938271604938271	0.24444444444444444	1.0486245641224332
CAT31303133_0265	0	0	-1.0
CAT31303133_0266	0.04833836858006042	0.2175226586102719	0.6743079770975935
CAT31303133_0267	0.15625	0.290625	0.6186663222695769
CAT31303133_0268	0.06097560975609756	0.1951219512195122	-0.585216754918421
CAT31303133_0269	0.15384615384615385	0.22435897435897437	-0.2109001678935813
CAT31303133_0270	0.08785529715762273	0.2454780361757106	0.9575745834947695
CAT31303133_0271	0.06726457399103139	0.18834080717488788	0.12800809333161137
CAT31303133_0272	0.09090909090909091	0.09090909090909091	-0.8887166903439666
CAT31303133_0273	0.2087227414330218	0.2087227414330218	0.6237246545266693
CAT31303133_0274	0.20588235294117646	0.1323529411764706	-0.3120668130354298
CAT31303133_0275	0.10909090909090909	0.23030303030303031	0.6692496448405011
CAT31303133_0276	0.18076923076923077	0.2423076923076923	0.3151663868440312
CAT31303133_0277	0.13915857605177995	0.1779935275080906	0.5630246674415601
CAT31303133_0278	0.14356435643564355	0.19306930693069307	0.021783115932670377
CAT31303133_0279	0.17699115044247787	0.29646017699115046	0.14318309010288863
CAT31303133_0280	0.22	0.18	-0.7470833871453786
CAT31303133_0281	0.14487632508833923	0.18021201413427562	0.431508028757157
CAT31303133_0282	0.15789473684210525	0.23308270676691728	-0.32724180980670714
CAT31303133_0283	0.2229965156794425	0.2578397212543554	0.4517413577855267
CAT31303133_0284	0.13138686131386862	0.1678832116788321	0.38598303844332515
CAT31303133_0285	0.10161662817551963	0.16166281755196305	1.1902578673210211
CAT31303133_0286	0.041666666666666664	0.16666666666666666	-0.8786000258297817
CAT31303133_0287	0.2692307692307692	0.25	0.3151663868440312
CAT31303133_0288	0.056856187290969896	0.23411371237458195	0.5124413448706359
CAT31303133_0289	0.12875536480686695	0.2446351931330472	0.17859141590253563
CAT31303133_0290	0.057034220532319393	0.25475285171102663	0.33034138361530846
CAT31303133_0291	0.16521739130434782	0.2	-0.4182917904343708
CAT31303133_0292	0.07462686567164178	0.23880597014925373	-0.6610917387748073
CAT31303133_0293	0.23735408560311283	0.2801556420233463	0.2999913900727539
CAT31303133_0294	0.1320754716981132	0.2358490566037736	-0.46381678074820265
CAT31303133_0295	0.1529051987767584	0.2966360856269113	0.6540746480692238
CAT31303133_0296	0.13053097345132744	0.2323008849557522	1.2863661802057773
CAT31303133_0297	0.13087248322147652	0.20469798657718122	0.5073830126135435
CAT31303133_0298	0.056910569105691054	0.22764227642276422	-0.3778251323776314
CAT31303133_0299	0.1590909090909091	0.2803030303030303	-0.33230014206379954
CAT31303133_0300	0.0	0.0	-0.9393000129148908
CAT31303133_0301	0.16272965879265092	0.18635170603674542	0.9272245899522149
CAT31303133_0302	0.06818181818181818	0.2727272727272727	-0.7774333806879332
CAT31303133_0303	0.21551724137931033	0.27155172413793105	0.1735330836454432
CAT31303133_0304	0.09226190476190477	0.22916666666666666	0.6995996383830557
CAT31303133_0305	0.1774193548387097	0.2768817204301075	0.8816995996383831
CAT31303133_0306	0	0	-1.0
CAT31303133_0307	0.10989010989010989	0.3131868131868132	-0.07938352920917818
CAT31303133_0308	0	0	-1.0
CAT31303133_0309	0.14087759815242495	0.2540415704387991	1.1902578673210211
CAT31303133_0310	0	0	-1.0
CAT31303133_0311	0	0	-1.0
CAT31303133_0312	0	0	-1.0
CAT31303133_0313	0.2528409090909091	0.20170454545454544	0.7805329544965345
CAT31303133_0314	0.16	0.22	-0.7470833871453786
CAT31303133_0315	0.08303249097472924	0.26714801444043323	0.40115803521460247
CAT31303133_0316	0	0	-1.0
CAT31303133_0317	0.19915254237288135	0.19491525423728814	0.19376641267381292
CAT31303133_0318	0.10126582278481013	0.20253164556962025	-0.20078350337939643
CAT31303133_0319	0.13580246913580246	0.19753086419753085	-0.18055017435102672
CAT31303133_0320	0	0	-1.0
CAT31303133_0321	0.10726643598615918	0.2837370242214533	0.46185802229971157
CAT31303133_0322	0.24390243902439024	0.23577235772357724	-0.3778251323776314
CAT31303133_0323	0.20967741935483872	0.3064516129032258	-0.059150200180808465
CAT31303133_0324	0	0	-1.0
CAT31303133_0325	0.10914454277286136	0.2713864306784661	0.7147746351543329
CAT31303133_0326	0	0	-1.0
CAT31303133_0327	0.0891304347826087	0.22391304347826088	1.3268328382625165
CAT31303133_0328	0.18292682926829268	0.23170731707317074	-0.585216754918421
CAT31303133_0329	0.10135135135135136	0.25675675675675674	0.49726634809935855
CAT31303133_0330	0.13986013986013987	0.32167832167832167	-0.27665848723578285
CAT31303133_0331	0.07920792079207921	0.20297029702970298	0.021783115932670377
CAT31303133_0332	0	0	-1.0
CAT31303133_0333	0.13930348258706468	0.17412935323383086	0.016724783675577948
CAT31303133_0334	0.125	0.125	-0.4739334452623875
CAT31303133_0335	0.11450381679389313	0.25699745547073793	0.9879245770373241
CAT31303133_0336	0	0	-1.0
CAT31303133_0337	0.1483050847457627	0.326271186440678	0.19376641267381292
CAT31303133_0338	0.0	0.0	-0.9949416677429076
CAT31303133_0339	0.08712121212121213	0.19696969696969696	0.33539971587240086
CAT31303133_0340	0.0	0.0	-0.9898833354858152
CAT31303133_0341	0.1772853185595568	0.27146814404432135	0.8260579448103663
CAT31303133_0342	0	0	-1.0
CAT31303133_0343	0.07718120805369127	0.32550335570469796	0.5073830126135435
CAT31303133_0344	0	0	-1.0
CAT31303133_0345	0.21074380165289255	0.26859504132231404	0.22411640621636747
CAT31303133_0346	0	0	-1.0
CAT31303133_0347	0.26047904191616766	0.218562874251497	0.6894829738688708
CAT31303133_0348	0.14814814814814814	0.14814814814814814	-0.5902750871755134
CAT31303133_0349	0.19523809523809524	0.32857142857142857	0.0622497739894098
CAT31303133_0350	0	0	-1.0
CAT31303133_0351	0.0945945945945946	0.19369369369369369	0.12294976107451892
CAT31303133_0352	0	0	-1.0
CAT31303133_0353	0.07377049180327869	0.4016393442622951	0.23423307073055233
CAT31303133_0354	0	0	-1.0
CAT31303133_0355	0.15053763440860216	0.3046594982078853	0.4112746997287873
CAT31303133_0356	0	0	-1.0
CAT31303133_0357	0.21649484536082475	0.38144329896907214	-0.5093417710620345
CAT31303133_0358	0	0	-1.0
CAT31303133_0359	0.16535433070866143	0.2204724409448819	0.2848163933014766
CAT31303133_0360	0	0	-1.0
CAT31303133_0361	0.2159709618874773	0.22141560798548093	1.7871410736579274
CAT31303133_0362	0	0	-1.0
CAT31303133_0363	0.15123456790123457	0.25925925925925924	0.6388996512979466
CAT31303133_0364	0.0684931506849315	0.2876712328767123	-0.6307417452322528
CAT31303133_0365	0.07537688442211055	0.2814070351758794	0.006608119161393093
CAT31303133_0366	0.06923076923076923	0.3	-0.3424168065779844
CAT31303133_0367	0.10967741935483871	0.3161290322580645	-0.21595850015067372
CAT31303133_0368	0.0625	0.2625	-0.19066683886521157
CAT31303133_0369	0.15979381443298968	0.2268041237113402	-0.018683542124069044
CAT31303133_0370	0.1535181236673774	0.24733475479744135	1.3723578285763485
CAT31303133_0371	0.27413127413127414	0.3552123552123552	0.31010805458693874
CAT31303133_0372	0.0970873786407767	0.2524271844660194	-0.47899177751947997
CAT31303133_0373	0.15384615384615385	0.27472527472527475	0.38092470618623275
CAT31303133_0374	0.16666666666666666	0.3548387096774194	-0.059150200180808465
CAT31303133_0375	0.17408906882591094	0.29554655870445345	0.24940806750182962
CAT31303133_0376	0.10457516339869281	0.1830065359477124	-0.22607516466485858
CAT31303133_0377	0.15086206896551724	0.2025862068965517	0.1735330836454432
CAT31303133_0378	0.17391304347826086	0.17391304347826086	-0.6509750742606225
CAT31303133_0379	0.10941475826972011	0.26208651399491095	0.9879245770373241
CAT31303133_0380	0.09411764705882353	0.24705882352941178	-0.5700417581471436
CAT31303133_0381	0.2805755395683453	0.2517985611510791	0.4062163674716949
CAT31303133_0382	0.05172413793103448	0.2413793103448276	-0.11985018726591759
CAT31303133_0383	0.17391304347826086	0.28388746803069054	0.9778079125231391
CAT31303133_0384	0.0	0.14285714285714285	-0.964591674200353
CAT31303133_0385	0.13793103448275862	0.2629310344827586	0.1735330836454432
CAT31303133_0386	0.1953125	0.3515625	-0.35253347109216926
CAT31303133_0387	0.1	0.23	0.01166645141848552
CAT31303133_0388	0	0	-1.0
CAT31303133_0389	0.11643835616438356	0.2671232876712329	0.4770330190709889
CAT31303133_0390	0.0	0.6666666666666666	-0.9848250032287227
CAT31303133_0391	0.11191335740072202	0.30685920577617326	0.40115803521460247
CAT31303133_0392	0.0	1.0	-0.9949416677429076
CAT31303133_0393	0.13291139240506328	0.2911392405063291	-0.20078350337939643
CAT31303133_0394	0	0	-1.0
CAT31303133_0395	0.1103448275862069	0.23448275862068965	0.466916354556804
CAT31303133_0396	0	0	-1.0
CAT31303133_0397	0.13291139240506328	0.1962025316455696	-0.20078350337939643
CAT31303133_0398	0.0	0.0	-0.9949416677429076
CAT31303133_0399	0.15	0.30833333333333335	-0.3930001291489087
CAT31303133_0400	0	0	-1.0
CAT31303133_0401	0.19909502262443438	0.3574660633484163	0.1178914288174265
CAT31303133_0402	0.08585858585858586	0.26262626262626265	0.0015497869043006654
CAT31303133_0403	0.09967845659163987	0.2540192926045016	0.573141331955745
CAT31303133_0404	0	0	-1.0
CAT31303133_0405	0.25190839694656486	0.32061068702290074	-0.337358474320892
CAT31303133_0406	0	0	-1.0
CAT31303133_0407	0.1864406779661017	0.2655367231638418	-0.10467519049464032
CAT31303133_0408	0	0	-1.0
CAT31303133_0409	0.1724137931034483	0.210727969348659	0.3202247191011236
CAT31303133_0410	0.036065573770491806	0.19344262295081968	0.5427913384131904
CAT31303133_0411	0.15413533834586465	0.34210526315789475	0.3455163803865857
CAT31303133_0412	0.09389671361502347	0.215962441314554	0.07742477076068707
CAT31303133_0413	0.058823529411764705	0.21568627450980393	-0.22607516466485858
CAT31303133_0414	0.06682577565632458	0.2935560859188544	1.119441215721727
CAT31303133_0415	0.1792452830188679	0.25471698113207547	0.07236643850359466
CAT31303133_0416	0.0	0.0	-0.9949416677429076
CAT31303133_0417	0.040106951871657755	0.20320855614973263	0.8918162641525679
CAT31303133_0418	0.0	1.0	-0.9949416677429076
CAT31303133_0419	0.12933025404157045	0.28868360277136257	1.1902578673210211
CAT31303133_0420	0	0	-1.0
CAT31303133_0421	0.07920792079207921	0.22772277227722773	0.5326746738990056
CAT31303133_0422	0.11940298507462686	0.27611940298507465	-0.3221834775496147
CAT31303133_0423	0.12371134020618557	0.17783505154639176	0.9626329157518619
CAT31303133_0424	0	0	-1.0
CAT31303133_0425	0.1111111111111111	0.2292768959435626	1.8680743897714063
CAT31303133_0426	0	0	-1.0
CAT31303133_0427	0.16182572614107885	0.2572614107883817	1.43811614791855
CAT31303133_0428	0.1642156862745098	0.2867647058823529	1.0637995608937105
CAT31303133_0429	0.19066937119675456	0.27586206896551724	1.4937578027465666
CAT31303133_0430	0.18666666666666668	0.26666666666666666	0.1381247578457962
CAT31303133_0431	0.12658227848101267	0.298372513562387	1.7972577381721124
CAT31303133_0432	0	0	-1.0
CAT31303133_0433	0.12126865671641791	0.208955223880597	1.711266089801541
CAT31303133_0434	0.07462686567164178	0.326226012793177	1.3723578285763485
CAT31303133_0435	0.14757709251101322	0.2753303964757709	1.296482844719962
CAT31303133_0436	0.1476510067114094	0.30201342281879195	0.5073830126135435
CAT31303133_0437	0.16293929712460065	0.21725239616613418	2.1665159929398596
CAT31303133_0438	0	0	-1.0
CAT31303133_0439	0.13257575757575757	0.24621212121212122	0.33539971587240086
CAT31303133_0440	0	0	-1.0
CAT31303133_0441	0.2087378640776699	0.2912621359223301	0.04201644496104009
CAT31303133_0442	0.09340659340659341	0.26373626373626374	-0.07938352920917818
CAT31303133_0443	0.1141732283464567	0.20078740157480315	0.2848163933014766
CAT31303133_0444	0	0	-1.0
CAT31303133_0445	0.11808118081180811	0.25092250922509224	0.3708080416720479
CAT31303133_0446	0.0	0.0	-0.9848250032287227
CAT31303133_0447	0.17625899280575538	0.302158273381295	0.4062163674716949
CAT31303133_0448	0	0	-1.0
CAT31303133_0449	0	0	-1.0
CAT31303133_0450	0	0	-1.0
CAT31303133_0451	0.10073710073710074	0.18427518427518427	1.058741228636618
CAT31303133_0452	0	0	-1.0
CAT31303133_0453	0.21674876847290642	0.28078817733990147	0.026841448189762803
CAT31303133_0454	0.06329113924050633	0.3037974683544304	-0.6003917516896983
CAT31303133_0455	0.11695906432748537	0.23391812865497075	0.7299496319256102
CAT31303133_0456	0	0	-1.0
CAT31303133_0457	0.11075949367088607	0.2120253164556962	0.5984329932412071
CAT31303133_0458	0	0	-1.0
CAT31303133_0459	0.17391304347826086	0.18478260869565216	-0.5346334323474966
CAT31303133_0460	0	0	-1.0
CAT31303133_0461	0.14792899408284024	0.27218934911242604	-0.14514184855137974
CAT31303133_0462	0	0	-1.0
CAT31303133_0463	0.11743772241992882	0.2846975088967972	0.42139136424297213
CAT31303133_0464	0	0	-1.0
CAT31303133_0465	0.06938775510204082	0.1836734693877551	0.23929140298764476
CAT31303133_0466	0	0	-1.0
CAT31303133_0467	0.1872791519434629	0.19081272084805653	0.431508028757157
CAT31303133_0468	0	0	-1.0
CAT31303133_0469	0.08639308855291576	0.21166306695464362	1.3420078350337938
CAT31303133_0470	0	0	-1.0
CAT81760442_0001	0.0	0.2857142857142857	-0.9444660496227736
CAT81760442_0002	0	0	-1.0
CAT81760442_0003	0.0625	0.4375	-0.9365326281403127
CAT81760442_0004	0	0	-1.0
CAT81760442_0005	0.02830188679245283	0.1792452830188679	-0.5795286614295714
CAT81760442_0006	0	0	-1.0
CAT81760442_0007	0.20441988950276244	0.049723756906077346	-0.28202535583728705
CAT81760442_0008	0	0	-1.0
CAT81760442_0009	0.030405405405405407	0.11261261261261261	2.5224391382126465
CAT81760442_0010	0.046228710462287104	0.1411192214111922	0.6303181146457183
CAT81760442_0011	0.17785234899328858	0.2181208053691275	0.18207980088667652
CAT81760442_0012	0.1858974358974359	0.1762820512820513	0.23761375126390294
CAT81760442_0013	0.32671081677704195	0.48123620309050774	0.7969199657773975
CAT81760442_0014	0.2237960339943343	0.34277620396600567	0.40024889165435173
CAT81760442_0015	0.1092896174863388	0.17759562841530055	0.4518161312903477
CAT81760442_0016	0.13836477987421383	0.21069182389937108	0.2614140157112857
CAT81760442_0017	0.2	0.13333333333333333	-0.9404993388815431
CAT81760442_0018	0.004830917874396135	0.14009661835748793	-0.17889087656529515
CAT81760442_0019	0.3465346534653465	0.4801980198019802	-0.19872443027144746
CAT81760442_0020	0.2540983606557377	0.3114754098360656	-0.5160612895698841
CAT81760442_0021	0.32727272727272727	0.05454545454545454	-0.7818309092323248
CAT81760442_0022	0.011013215859030838	0.15198237885462554	0.800886676518628
CAT81760442_0023	0.35964912280701755	0.5175438596491229	0.35661507350081667
CAT81760442_0024	0.23432343234323433	0.429042904290429	0.20191335459282883
CAT81760442_0025	0.24271844660194175	0.3948220064724919	0.2257136190402116
CAT81760442_0026	0.27586206896551724	0.4702194357366771	0.26538072645251615
CAT81760442_0027	0.23202614379084968	0.4019607843137255	0.2138134868165202
CAT81760442_0028	0.21428571428571427	0.35714285714285715	0.3883487594306604
CAT81760442_0029	0.24172185430463577	0.37748344370860926	0.19794664385159838
CAT81760442_0030	0.22096317280453256	0.3937677053824363	0.40024889165435173
CAT81760442_0031	0.27235772357723576	0.3902439024390244	-0.024189157657307288
CAT81760442_0032	0.2869318181818182	0.4431818181818182	0.3962821809131213
CAT81760442_0033	0.26859504132231404	0.4256198347107438	-0.040056000622229124
CAT81760442_0034	0.27217125382262997	0.38837920489296635	0.2971144123823598
CAT81760442_0035	0.25838926174496646	0.39932885906040266	0.18207980088667652
CAT81760442_0036	0.3153846153846154	0.4653846153846154	0.03134479271991913
CAT81760442_0037	0.2727272727272727	0.33916083916083917	0.13447927199191104
CAT81760442_0038	0.31636363636363635	0.45454545454545453	0.090845453838376
CAT81760442_0039	0.2983606557377049	0.4426229508196721	0.20984677607528973
CAT81760442_0040	0.31761006289308175	0.4371069182389937	0.2614140157112857
CAT81760442_0041	0.30103806228373703	0.4359861591695502	0.14637940421560242
CAT81760442_0042	0.2699724517906336	0.39944903581267216	0.4399159990666563
CAT81760442_0043	0.26112759643916916	0.4688427299703264	0.3367815197946644
CAT81760442_0044	0.28618421052631576	0.4144736842105263	0.20588006533405928
CAT81760442_0045	0.25	0.023809523809523808	-0.6667962977366415
CAT81760442_0046	0.03225806451612903	0.1313364055299539	0.7215524616940189
CAT81760442_0047	0.40129449838187703	0.598705501618123	0.2257136190402116
CAT81760442_0048	0.3709090909090909	0.5927272727272728	0.090845453838376
CAT81760442_0049	0.3712121212121212	0.5378787878787878	0.04721163568484096
CAT81760442_0050	0.36245954692556637	0.5016181229773463	0.2257136190402116
CAT81760442_0051	0.3992673992673993	0.5421245421245421	0.08291203235591509
CAT81760442_0052	0.38198757763975155	0.5683229813664596	0.27728085867620755
CAT81760442_0053	0.3923076923076923	0.5538461538461539	0.03134479271991913
CAT81760442_0054	0.32413793103448274	0.5206896551724138	0.15034611495683287
CAT81760442_0055	0.3854166666666667	0.5069444444444444	0.14241269347437197
CAT81760442_0056	0.36227544910179643	0.5419161676646707	0.324881387570973
CAT81760442_0057	0.37919463087248323	0.5134228187919463	0.18207980088667652
CAT81760442_0058	0.2926829268292683	0.45426829268292684	0.30108112312359026
CAT81760442_0059	0.33630952380952384	0.5238095238095238	0.33281480905343397
CAT81760442_0060	0.3583061889250814	0.5146579804560261	0.21778019755775066
CAT81760442_0061	0.3890909090909091	0.5127272727272727	0.090845453838376
CAT81760442_0062	0.36303630363036304	0.48514851485148514	0.20191335459282883
CAT81760442_0063	0.332089552238806	0.4552238805970149	0.06307847864976279
CAT81760442_0064	0.3493975903614458	0.5542168674698795	-0.012289025433615914
CAT81760442_0065	0.34397163120567376	0.5177304964539007	0.11861242902698921
CAT81760442_0066	0.3233082706766917	0.5	0.05514505716730188
CAT81760442_0067	0.41295546558704455	0.5506072874493927	-0.02022244691607683
CAT81760442_0068	0.3277777777777778	0.4666666666666667	0.42801586684296494
CAT81760442_0069	0.35738831615120276	0.563573883161512	0.15431282569806332
CAT81760442_0070	0.4166666666666667	0.5087719298245614	-0.09558995099945554
CAT81760442_0071	0.4083969465648855	0.5038167938931297	0.03927821420238004
CAT81760442_0072	0.3611940298507463	0.5194029850746269	0.32884809831220346
CAT81760442_0073	0.3726937269372694	0.5350553505535055	0.07497861087345417
CAT81760442_0074	0.291497975708502	0.5101214574898786	-0.02022244691607683
CAT81760442_0075	0.4135593220338983	0.5389830508474577	0.17017966866298517
CAT81760442_0076	0.40384615384615385	0.5653846153846154	0.03134479271991913
CAT81760442_0077	0.3870967741935484	0.5483870967741935	-0.016255736174846373
CAT81760442_0078	0.3881118881118881	0.5174825174825175	0.13447927199191104
CAT81760442_0079	0.4050632911392405	0.5189873417721519	0.2534805942288248
CAT81760442_0080	0.3174061433447099	0.45733788395904434	0.16224624718052424
CAT81760442_0081	0.3129251700680272	0.5034013605442177	0.1662129579217547
CAT81760442_0082	0.17543859649122806	0.3216374269005848	-0.32169246324959166
CAT81760442_0083	0.28888888888888886	0.06666666666666667	-0.8214980166446294
CAT81760442_0084	0.012861736334405145	0.1157556270096463	0.2336470405226725
CAT81760442_0085	0.3622641509433962	0.47547169811320755	0.051178346426071414
CAT81760442_0086	0.3317972350230415	0.47465437788018433	-0.13922376915299056
CAT81760442_0087	0.26744186046511625	0.4573643410852713	0.02341137123745821
CAT81760442_0088	0.40540540540540543	0.4540540540540541	-0.26615851287236525
CAT81760442_0089	0.28444444444444444	0.3511111111111111	-0.1074900832231469
CAT81760442_0090	0.25675675675675674	0.3918918918918919	-0.11939021544683828
CAT81760442_0091	0.27450980392156865	0.39215686274509803	-0.5953955043944933
CAT81760442_0092	0.2	0.2	-0.9801664462938477
CAT81760442_0093	0.2644230769230769	0.14903846153846154	-0.1749241658240647
CAT81760442_0094	0.30726256983240224	0.1564245810055866	-0.289958777319748
CAT81760442_0095	0.24680851063829787	0.19574468085106383	-0.06782297581084233
CAT81760442_0096	0.24892703862660945	0.2017167381974249	-0.07575639729330325
CAT81760442_0097	0.2893401015228426	0.18274111675126903	-0.21855798397759973
CAT81760442_0098	0.27979274611398963	0.16580310880829016	-0.23442482694252156
CAT81760442_0099	0.2570093457943925	0.1588785046728972	-0.15112390137668194
CAT81760442_0100	0.2980769230769231	0.25	-0.5874620829120324
CAT81760442_0101	0.0	0.0	-0.9960332892587695
CAT81760442_0102	0	0	-1.0
